Information Technology and Services;8;3;[[8, 9, 10], [11, 12, 13], [14, 15, 16], [17, 18, 19], [20, 21, 22]]
Information Technology and Services;9;3;[[9, 10], [11, 12], [13, 14], [15, 16], [17, 18]]
Information Technology and Services;10;1;[10, 11, 12, 13, 14]
Information Technology and Services;11;1;[10, 11, 12, 13, 14]
Information Technology and Services;12;1;[10, 11, 12, 13, 14]
Information Technology and Services;13;1;[11, 12, 13, 14, 15]
Information Technology and Services;14;1;[12, 13, 14, 15, 16]
Information Technology and Services;15;1;[12, 13, 14, 15, 16]
Information Technology and Services;16;1;[12, 13, 14, 15, 16]
Information Technology and Services;17;3;[[10, 11], [12, 13], [14, 15], [16, 17], [18, 19]]
Information Technology and Services;18;2;[[14, 15], [16, 17], [18], [19, 20], [21, 22]]
Information Technology and Services;19;2;[[11, 12], [13, 14], [15, 16], [17, 18], [19]]
Information Technology and Services;20;3;[[15, 16], [17, 18], [19, 20], [21, 22], [23, 24]]
Information Technology and Services;21;3;[[15, 16], [17, 18], [19, 20], [21, 22], [23, 24]]
Information Technology and Services;22;2;[[16, 17, 18], [19, 20, 21], [22], [23, 24, 25], [26, 27, 28]]
Information Technology and Services;23;3;[[22, 23], [24, 25], [26, 27]]
Information Technology and Services;24;2;[[15, 16, 17], [18, 19, 20], [21, 22, 23], [24], [25, 26, 27]]
Information Technology and Services;25;3;[[22, 23], [24, 25], [26, 27]]
Information Technology and Services;26;3;[[22, 23], [24, 25], [26, 27]]
Information Technology and Services;27;2;[[15, 16, 17], [18, 19, 20], [21, 22, 23], [24, 25, 26], [27]]
Information Technology and Services;28;3;[[14, 15, 16], [17, 18, 19], [20, 21, 22], [23, 24, 25], [26, 27, 28]]
Information Technology and Services;29;3;[[15, 16, 17], [18, 19, 20], [21, 22, 23], [24, 25, 26], [27, 28, 29]]
ITES;9;3;[[9, 10, 11], [12, 13, 14], [15, 16, 17]]
ITES;10;3;[[10, 11], [12, 13], [14, 15], [16, 17]]
ITES;11;1;[11, 12, 13, 14, 15]
ITES;12;1;[11, 12, 13, 14, 15]
ITES;13;1;[11, 12, 13, 14, 15]
ITES;14;1;[12, 13, 14, 15, 16]
ITES;15;1;[12, 13, 14, 15, 16]
ITES;16;1;[12, 13, 14, 15, 16]
ITES;17;3;[[10, 11], [12, 13], [14, 15], [16, 17]]
ITES;18;3;[[10, 11, 12], [13, 14, 15], [16, 17, 18]]
Logistics and Supply Chain;8;3;[[8, 9, 10], [11, 12, 13], [14, 15, 16], [17, 18, 19], [20, 21, 22]]
Logistics and Supply Chain;9;3;[[9, 10], [11, 12], [13, 14], [15, 16], [17, 18]]
Logistics and Supply Chain;10;1;[10, 11, 12, 13, 14]
Logistics and Supply Chain;11;1;[10, 11, 12, 13, 14]
Logistics and Supply Chain;12;1;[10, 11, 12, 13, 14]
Logistics and Supply Chain;13;1;[11, 12, 13, 14, 15]
Logistics and Supply Chain;14;1;[12, 13, 14, 15, 16]
Logistics and Supply Chain;15;1;[12, 13, 14, 15, 16]
Logistics and Supply Chain;16;1;[12, 13, 14, 15, 16]
Logistics and Supply Chain;17;3;[[10, 11], [12, 13], [14, 15], [16, 17], [18, 19]]
Logistics and Supply Chain;18;2;[[14, 15], [16, 17], [18], [19, 20], [21, 22]]
Logistics and Supply Chain;19;2;[[11, 12], [13, 14], [15, 16], [17, 18], [19]]
Logistics and Supply Chain;20;3;[[15, 16], [17, 18], [19, 20], [21, 22], [23, 24]]
Logistics and Supply Chain;21;3;[[15, 16], [17, 18], [19, 20], [21, 22], [23, 24]]
Logistics and Supply Chain;22;2;[[16, 17, 18], [19, 20, 21], [22], [23, 24, 25], [26, 27, 28]]
Logistics and Supply Chain;23;3;[[22, 23], [24, 25], [26, 27]]
Logistics and Supply Chain;24;2;[[15, 16, 17], [18, 19, 20], [21, 22, 23], [24], [25, 26, 27]]
Logistics and Supply Chain;25;3;[[22, 23], [24, 25], [26, 27]]
Logistics and Supply Chain;26;3;[[22, 23], [24, 25], [26, 27]]
Logistics and Supply Chain;27;2;[[15, 16, 17], [18, 19, 20], [21, 22, 23], [24, 25, 26], [27]]
Logistics and Supply Chain;28;3;[[14, 15, 16], [17, 18, 19], [20, 21, 22], [23, 24, 25], [26, 27, 28]]
Logistics and Supply Chain;29;3;[[15, 16, 17], [18, 19, 20], [21, 22, 23], [24, 25, 26], [27, 28, 29]]
Package/Freight Delivery;8;3;[[8, 9, 10], [11, 12, 13], [14, 15, 16], [17, 18, 19], [20, 21, 22]]
Package/Freight Delivery;9;3;[[9, 10], [11, 12], [13, 14], [15, 16], [17, 18]]
Package/Freight Delivery;10;1;[10, 11, 12, 13, 14]
Package/Freight Delivery;11;1;[10, 11, 12, 13, 14]
Package/Freight Delivery;12;1;[10, 11, 12, 13, 14]
Package/Freight Delivery;13;1;[11, 12, 13, 14, 15]
Package/Freight Delivery;14;1;[12, 13, 14, 15, 16]
Package/Freight Delivery;15;1;[12, 13, 14, 15, 16]
Package/Freight Delivery;16;1;[12, 13, 14, 15, 16]
Package/Freight Delivery;17;3;[[10, 11], [12, 13], [14, 15], [16, 17], [18, 19]]
Package/Freight Delivery;18;2;[[14, 15], [16, 17], [18], [19, 20], [21, 22]]
Package/Freight Delivery;19;2;[[11, 12], [13, 14], [15, 16], [17, 18], [19]]
Package/Freight Delivery;20;3;[[15, 16], [17, 18], [19, 20], [21, 22], [23, 24]]
Package/Freight Delivery;21;3;[[15, 16], [17, 18], [19, 20], [21, 22], [23, 24]]
Package/Freight Delivery;22;2;[[13, 14, 15], [16, 17, 18], [19, 20, 21], [22], [23, 24, 25]]
Package/Freight Delivery;23;3;[[15, 16], [17, 18], [19, 20], [21, 22], [23, 24]]
Package/Freight Delivery;24;2;[[12, 13, 14], [15, 16, 17], [18, 19, 20], [21, 22, 23], [24]]
Package/Freight Delivery;25;3;[[11, 12, 13], [14, 15, 16], [17, 18, 19], [20, 21, 22], [23, 24, 25]]
Package/Freight Delivery;26;3;[[12, 13, 14], [15, 16, 17], [18, 19, 20], [21, 22, 23], [24, 25, 26]]
Mining & Metals;8;3;[[8, 9, 10], [11, 12, 13], [14, 15, 16], [17, 18, 19], [20, 21, 22]]
Mining & Metals;9;3;[[9, 10], [11, 12], [13, 14], [15, 16], [17, 18]]
Mining & Metals;10;1;[10, 11, 12, 13, 14]
Mining & Metals;11;1;[10, 11, 12, 13, 14]
Mining & Metals;12;1;[10, 11, 12, 13, 14]
Mining & Metals;13;1;[11, 12, 13, 14, 15]
Mining & Metals;14;1;[12, 13, 14, 15, 16]
Mining & Metals;15;1;[12, 13, 14, 15, 16]
Mining & Metals;16;1;[12, 13, 14, 15, 16]
Mining & Metals;17;3;[[10, 11], [12, 13], [14, 15], [16, 17], [18, 19]]
Mining & Metals;18;2;[[14, 15], [16, 17], [18], [19, 20], [21, 22]]
Mining & Metals;19;2;[[11, 12], [13, 14], [15, 16], [17, 18], [19]]
Mining & Metals;20;3;[[15, 16], [17, 18], [19, 20], [21, 22], [23, 24]]
Mining & Metals;21;3;[[15, 16], [17, 18], [19, 20], [21, 22], [23, 24]]
Mining & Metals;22;2;[[16, 17, 18], [19, 20, 21], [22], [23, 24, 25], [26, 27, 28]]
Mining & Metals;23;3;[[22, 23], [24, 25], [26, 27]]
Mining & Metals;24;2;[[15, 16, 17], [18, 19, 20], [21, 22, 23], [24], [25, 26, 27]]
Mining & Metals;25;3;[[22, 23], [24, 25], [26, 27]]
Mining & Metals;26;3;[[22, 23], [24, 25], [26, 27]]
Mining & Metals;27;2;[[15, 16, 17], [18, 19, 20], [21, 22, 23], [24, 25, 26], [27]]
Mining & Metals;28;3;[[17, 18, 19], [20, 21, 22], [23, 24, 25], [26, 27, 28], [29, 30, 31]]
Mining & Metals;29;3;[[18, 19, 20], [21, 22, 23], [24, 25, 26], [27, 28, 29], [30, 31, 32]]
Mining & Metals;30;3;[[17, 18, 19], [20, 21, 22], [23, 24, 25], [26, 27, 28], [29, 30, 31]]
Mining & Metals;31;4;[31]
Mining & Metals;32;3;[[18, 19, 20], [21, 22, 23], [24, 25, 26], [27, 28, 29], [30, 31, 32]]
Mining & Metals;33;5;[31, 32, 33]
Power & Energy;8;3;[[8, 9, 10], [11, 12, 13], [14, 15, 16], [17, 18, 19], [20, 21, 22]]
Power & Energy;9;3;[[9, 10], [11, 12], [13, 14], [15, 16], [17, 18]]
Power & Energy;10;1;[10, 11, 12, 13, 14]
Power & Energy;11;1;[10, 11, 12, 13, 14]
Power & Energy;12;1;[10, 11, 12, 13, 14]
Power & Energy;13;1;[11, 12, 13, 14, 15]
Power & Energy;14;1;[12, 13, 14, 15, 16]
Power & Energy;15;1;[12, 13, 14, 15, 16]
Power & Energy;16;1;[12, 13, 14, 15, 16]
Power & Energy;17;3;[[10, 11], [12, 13], [14, 15], [16, 17], [18, 19]]
Power & Energy;18;2;[[14, 15], [16, 17], [18], [19, 20], [21, 22]]
Power & Energy;19;2;[[11, 12], [13, 14], [15, 16], [17, 18], [19]]
Power & Energy;20;3;[[15, 16], [17, 18], [19, 20], [21, 22], [23, 24]]
Power & Energy;21;3;[[15, 16], [17, 18], [19, 20], [21, 22], [23, 24]]
Power & Energy;22;2;[[16, 17, 18], [19, 20, 21], [22], [23, 24, 25], [26, 27, 28]]
Power & Energy;23;3;[[22, 23], [24, 25], [26, 27]]
Power & Energy;24;2;[[15, 16, 17], [18, 19, 20], [21, 22, 23], [24], [25, 26, 27]]
Power & Energy;25;3;[[22, 23], [24, 25], [26, 27]]
Power & Energy;26;3;[[22, 23], [24, 25], [26, 27]]
Power & Energy;27;2;[[15, 16, 17], [18, 19, 20], [21, 22, 23], [24, 25, 26], [27]]
Power & Energy;28;3;[[14, 15, 16], [17, 18, 19], [20, 21, 22], [23, 24, 25], [26, 27, 28]]
Power & Energy;29;3;[[15, 16, 17], [18, 19, 20], [21, 22, 23], [24, 25, 26], [27, 28, 29]]
Heavy Industry;8;3;[[8, 9, 10], [11, 12, 13], [14, 15, 16], [17, 18, 19], [20, 21, 22]]
Heavy Industry;9;3;[[9, 10], [11, 12], [13, 14], [15, 16], [17, 18]]
Heavy Industry;10;1;[10, 11, 12, 13, 14]
Heavy Industry;11;1;[10, 11, 12, 13, 14]
Heavy Industry;12;1;[10, 11, 12, 13, 14]
Heavy Industry;13;1;[11, 12, 13, 14, 15]
Heavy Industry;14;1;[12, 13, 14, 15, 16]
Heavy Industry;15;1;[13, 14, 15, 16, 17]
Heavy Industry;16;1;[14, 15, 16, 17, 18]
Heavy Industry;17;1;[15, 16, 17, 18, 19]
Heavy Industry;18;1;[15, 16, 17, 18, 19]
Heavy Industry;19;1;[15, 16, 17, 18, 19]
Heavy Industry;20;3;[[15, 16], [17, 18], [19, 20], [21, 22], [23, 24]]
Heavy Industry;21;3;[[15, 16], [17, 18], [19, 20], [21, 22], [23, 24]]
Heavy Industry;22;2;[[16, 17, 18], [19, 20, 21], [22], [23, 24, 25], [26, 27, 28]]
Heavy Industry;23;3;[[22, 23], [24, 25], [26, 27]]
Heavy Industry;24;2;[[15, 16, 17], [18, 19, 20], [21, 22, 23], [24], [25, 26, 27]]
Heavy Industry;25;3;[[22, 23], [24, 25], [26, 27]]
Heavy Industry;26;3;[[22, 23], [24, 25], [26, 27]]
Heavy Industry;27;2;[[15, 16, 17], [18, 19, 20], [21, 22, 23], [24, 25, 26], [27]]
Heavy Industry;28;3;[[17, 18, 19], [20, 21, 22], [23, 24, 25], [26, 27, 28], [29, 30, 31]]
Heavy Industry;29;3;[[18, 19, 20], [21, 22, 23], [24, 25, 26], [27, 28, 29], [30, 31, 32]]
Heavy Industry;30;3;[[17, 18, 19], [20, 21, 22], [23, 24, 25], [26, 27, 28], [29, 30, 31]]
Heavy Industry;31;4;[31]
Heavy Industry;32;3;[[18, 19, 20], [21, 22, 23], [24, 25, 26], [27, 28, 29], [30, 31, 32]]
Heavy Industry;33;5;[31, 32, 33]
Education Management;8;3;[[8, 9, 10], [11, 12, 13], [14, 15, 16], [17, 18, 19], [20, 21, 22]]
Education Management;9;3;[[9, 10], [11, 12], [13, 14], [15, 16], [17, 18]]
Education Management;10;1;[10, 11, 12, 13, 14]
Education Management;11;1;[10, 11, 12, 13, 14]
Education Management;12;1;[10, 11, 12, 13, 14]
Education Management;13;1;[11, 12, 13, 14, 15]
Education Management;14;1;[12, 13, 14, 15, 16]
Education Management;15;1;[12, 13, 14, 15, 16]
Education Management;16;1;[12, 13, 14, 15, 16]
Education Management;17;3;[[10, 11], [12, 13], [14, 15], [16, 17], [18, 19]]
Education Management;18;2;[[14, 15], [16, 17], [18], [19, 20], [21, 22]]
Education Management;19;2;[[11, 12], [13, 14], [15, 16], [17, 18], [19]]
Education Management;20;3;[[13, 14], [15, 16], [17, 18], [19, 20], [21, 22]]
Education Management;21;3;[[13, 14], [15, 16], [17, 18], [19, 20], [21, 22]]
Education Management;22;2;[[10, 11, 12], [13, 14, 15], [16, 17, 18], [19, 20, 21], [22]]
Education Management;23;3;[[9, 10, 11], [12, 13, 14], [15, 16, 17], [18, 19, 20], [21, 22, 23]]
Education Management;24;3;[[10, 11, 12], [13, 14, 15], [16, 17, 18], [19, 20, 21], [22, 23, 24]]
Automotive;8;3;[[8, 9, 10], [11, 12, 13], [14, 15, 16], [17, 18, 19], [20, 21, 22]]
Automotive;9;3;[[9, 10], [11, 12], [13, 14], [15, 16], [17, 18]]
Automotive;10;1;[10, 11, 12, 13, 14]
Automotive;11;1;[10, 11, 12, 13, 14]
Automotive;12;1;[10, 11, 12, 13, 14]
Automotive;13;1;[11, 12, 13, 14, 15]
Automotive;14;1;[12, 13, 14, 15, 16]
Automotive;15;1;[13, 14, 15, 16, 17]
Automotive;16;1;[14, 15, 16, 17, 18]
Automotive;17;1;[15, 16, 17, 18, 19]
Automotive;18;1;[16, 17, 18, 19, 20]
Automotive;19;1;[17, 18, 19, 20, 21]
Automotive;20;1;[18, 19, 20, 21, 22]
Automotive;21;1;[18, 19, 20, 21, 22]
Automotive;22;1;[18, 19, 20, 21, 22]
Automotive;23;3;[[18, 19], [20, 21], [22, 23], [24, 25], [26, 27]]
Automotive;24;2;[[20, 21], [22, 23], [24], [25, 26], [27, 28]]
Automotive;25;3;[[18, 19], [20, 21], [22, 23], [24, 25], [26, 27]]
Automotive;26;2;[[20, 21], [22, 23], [24, 25], [26], [27, 28]]
Automotive;27;2;[[19, 20], [21, 22], [23, 24], [25, 26], [27]]
Automotive;28;3;[[19, 20], [21, 22], [23, 24], [25, 26], [27, 28]]
Automotive;29;3;[[15, 16, 17], [18, 19, 20], [21, 22, 23], [24, 25, 26], [27, 28, 29]]
Manufacturing;8;3;[[8, 9, 10], [11, 12, 13], [14, 15, 16], [17, 18, 19], [20, 21, 22]]
Manufacturing;9;3;[[9, 10], [11, 12], [13, 14], [15, 16], [17, 18]]
Manufacturing;10;1;[10, 11, 12, 13, 14]
Manufacturing;11;1;[10, 11, 12, 13, 14]
Manufacturing;12;1;[10, 11, 12, 13, 14]
Manufacturing;13;1;[11, 12, 13, 14, 15]
Manufacturing;14;1;[12, 13, 14, 15, 16]
Manufacturing;15;1;[13, 14, 15, 16, 17]
Manufacturing;16;1;[14, 15, 16, 17, 18]
Manufacturing;17;1;[15, 16, 17, 18, 19]
Manufacturing;18;1;[16, 17, 18, 19, 20]
Manufacturing;19;1;[17, 18, 19, 20, 21]
Manufacturing;20;1;[18, 19, 20, 21, 22]
Manufacturing;21;1;[18, 19, 20, 21, 22]
Manufacturing;22;1;[18, 19, 20, 21, 22]
Manufacturing;23;3;[[18, 19], [20, 21], [22, 23], [24, 25], [26, 27]]
Manufacturing;24;2;[[16, 17], [18, 19], [20, 21], [22, 23], [24]]
Manufacturing;25;3;[[18, 19], [20, 21], [22, 23], [24, 25], [26, 27]]
Manufacturing;26;3;[[18, 19], [20, 21], [22, 23], [24, 25], [26, 27]]
Manufacturing;27;2;[[15, 16, 17], [18, 19, 20], [21, 22, 23], [24, 25, 26], [27]]
Manufacturing;28;3;[[14, 15, 16], [17, 18, 19], [20, 21, 22], [23, 24, 25], [26, 27, 28]]
Manufacturing;29;3;[[15, 16, 17], [18, 19, 20], [21, 22, 23], [24, 25, 26], [27, 28, 29]]
Chemicals;8;3;[[8, 9, 10], [11, 12, 13], [14, 15, 16], [17, 18, 19], [20, 21, 22]]
Chemicals;9;3;[[9, 10], [11, 12], [13, 14], [15, 16], [17, 18]]
Chemicals;10;1;[10, 11, 12, 13, 14]
Chemicals;11;1;[10, 11, 12, 13, 14]
Chemicals;12;1;[10, 11, 12, 13, 14]
Chemicals;13;1;[11, 12, 13, 14, 15]
Chemicals;14;1;[12, 13, 14, 15, 16]
Chemicals;15;1;[13, 14, 15, 16, 17]
Chemicals;16;1;[14, 15, 16, 17, 18]
Chemicals;17;1;[15, 16, 17, 18, 19]
Chemicals;18;1;[16, 17, 18, 19, 20]
Chemicals;19;1;[17, 18, 19, 20, 21]
Chemicals;20;1;[18, 19, 20, 21, 22]
Chemicals;21;1;[18, 19, 20, 21, 22]
Chemicals;22;1;[18, 19, 20, 21, 22]
Chemicals;23;3;[[18, 19], [20, 21], [22, 23], [24, 25], [26, 27]]
Chemicals;24;2;[[16, 17], [18, 19], [20, 21], [22, 23], [24]]
Chemicals;25;3;[[18, 19], [20, 21], [22, 23], [24, 25], [26, 27]]
Chemicals;26;3;[[18, 19], [20, 21], [22, 23], [24, 25], [26, 27]]
Chemicals;27;2;[[15, 16, 17], [18, 19, 20], [21, 22, 23], [24, 25, 26], [27]]
Chemicals;28;3;[[14, 15, 16], [17, 18, 19], [20, 21, 22], [23, 24, 25], [26, 27, 28]]
Chemicals;29;3;[[15, 16, 17], [18, 19, 20], [21, 22, 23], [24, 25, 26], [27, 28, 29]]
Biotechnology;9;3;[[9, 10, 11], [12, 13, 14], [15, 16, 17], [18, 19, 20], [21, 22, 23]]
Biotechnology;10;3;[[10, 11], [12, 13], [14, 15], [16, 17], [18, 19]]
Biotechnology;11;1;[11, 12, 13, 14, 15]
Biotechnology;12;1;[11, 12, 13, 14, 15]
Biotechnology;13;1;[11, 12, 13, 14, 15]
Biotechnology;14;1;[12, 13, 14, 15, 16]
Biotechnology;15;1;[12, 13, 14, 15, 16]
Biotechnology;16;1;[12, 13, 14, 15, 16]
Biotechnology;17;3;[[10, 11], [12, 13], [14, 15], [16, 17], [18, 19]]
Biotechnology;18;2;[[14, 15], [16, 17], [18], [19, 20], [21, 22]]
Biotechnology;19;2;[[11, 12], [13, 14], [15, 16], [17, 18], [19]]
Biotechnology;20;3;[[15, 16], [17, 18], [19, 20], [21, 22], [23, 24]]
Biotechnology;21;3;[[15, 16], [17, 18], [19, 20], [21, 22], [23, 24]]
Biotechnology;22;2;[[13, 14, 15], [16, 17, 18], [19, 20, 21], [22], [23, 24, 25]]
Biotechnology;23;3;[[15, 16], [17, 18], [19, 20], [21, 22], [23, 24]]
Biotechnology;24;2;[[12, 13, 14], [15, 16, 17], [18, 19, 20], [21, 22, 23], [24]]
Biotechnology;25;3;[[11, 12, 13], [14, 15, 16], [17, 18, 19], [20, 21, 22], [23, 24, 25]]
Biotechnology;26;3;[[12, 13, 14], [15, 16, 17], [18, 19, 20], [21, 22, 23], [24, 25, 26]]
Electrical/Electronic Manufacturing;8;3;[[8, 9, 10], [11, 12, 13], [14, 15, 16], [17, 18, 19], [20, 21, 22]]
Electrical/Electronic Manufacturing;9;3;[[9, 10], [11, 12], [13, 14], [15, 16], [17, 18]]
Electrical/Electronic Manufacturing;10;1;[10, 11, 12, 13, 14]
Electrical/Electronic Manufacturing;11;1;[10, 11, 12, 13, 14]
Electrical/Electronic Manufacturing;12;1;[10, 11, 12, 13, 14]
Electrical/Electronic Manufacturing;13;1;[11, 12, 13, 14, 15]
Electrical/Electronic Manufacturing;14;1;[12, 13, 14, 15, 16]
Electrical/Electronic Manufacturing;15;1;[13, 14, 15, 16, 17]
Electrical/Electronic Manufacturing;16;1;[14, 15, 16, 17, 18]
Electrical/Electronic Manufacturing;17;1;[15, 16, 17, 18, 19]
Electrical/Electronic Manufacturing;18;1;[16, 17, 18, 19, 20]
Electrical/Electronic Manufacturing;19;1;[16, 17, 18, 19, 20]
Electrical/Electronic Manufacturing;20;1;[16, 17, 18, 19, 20]
Electrical/Electronic Manufacturing;21;3;[[16, 17], [18, 19], [20, 21], [22, 23], [24, 25]]
Electrical/Electronic Manufacturing;22;2;[[16, 17], [18, 19], [20, 21], [22], [23, 24]]
Electrical/Electronic Manufacturing;23;3;[[18, 19], [20, 21], [22, 23], [24, 25], [26, 27]]
Electrical/Electronic Manufacturing;24;2;[[16, 17], [18, 19], [20, 21], [22, 23], [24]]
Electrical/Electronic Manufacturing;25;3;[[18, 19], [20, 21], [22, 23], [24, 25], [26, 27]]
Electrical/Electronic Manufacturing;26;3;[[18, 19], [20, 21], [22, 23], [24, 25], [26, 27]]
Electrical/Electronic Manufacturing;27;2;[[15, 16, 17], [18, 19, 20], [21, 22, 23], [24, 25, 26], [27]]
Electrical/Electronic Manufacturing;28;3;[[14, 15, 16], [17, 18, 19], [20, 21, 22], [23, 24, 25], [26, 27, 28]]
Electrical/Electronic Manufacturing;29;3;[[15, 16, 17], [18, 19, 20], [21, 22, 23], [24, 25, 26], [27, 28, 29]]
Transportation/Trucking/Railroad;10;3;[[10, 11, 12], [13, 14, 15], [16, 17, 18], [19, 20, 21], [22, 23, 24]]
Transportation/Trucking/Railroad;11;3;[[11, 12], [13, 14], [15, 16], [17, 18], [19, 20]]
Transportation/Trucking/Railroad;12;1;[12, 13, 14, 15, 16]
Transportation/Trucking/Railroad;13;1;[12, 13, 14, 15, 16]
Transportation/Trucking/Railroad;14;1;[12, 13, 14, 15, 16]
Transportation/Trucking/Railroad;15;1;[12, 13, 14, 15, 16]
Transportation/Trucking/Railroad;16;1;[12, 13, 14, 15, 16]
Transportation/Trucking/Railroad;17;3;[[12, 13], [14, 15], [16, 17], [18, 19]]
Transportation/Trucking/Railroad;18;2;[[14, 15], [16, 17], [18], [19, 20], [21, 22]]
Transportation/Trucking/Railroad;19;2;[[11, 12], [13, 14], [15, 16], [17, 18], [19]]
Transportation/Trucking/Railroad;20;3;[[13, 14], [15, 16], [17, 18], [19, 20], [21, 22]]
Transportation/Trucking/Railroad;21;3;[[13, 14], [15, 16], [17, 18], [19, 20], [21, 22]]
Transportation/Trucking/Railroad;22;2;[[10, 11, 12], [13, 14, 15], [16, 17, 18], [19, 20, 21], [22]]
Transportation/Trucking/Railroad;23;3;[[12, 13, 14], [15, 16, 17], [18, 19, 20], [21, 22, 23]]
Transportation/Trucking/Railroad;24;3;[[10, 11, 12], [13, 14, 15], [16, 17, 18], [19, 20, 21], [22, 23, 24]]
Oil & Gas;10;3;[[10, 11, 12], [13, 14, 15], [16, 17, 18], [19, 20, 21], [22, 23, 24]]
Oil & Gas;11;3;[[11, 12], [13, 14], [15, 16], [17, 18], [19, 20]]
Oil & Gas;12;1;[12, 13, 14, 15, 16]
Oil & Gas;13;1;[12, 13, 14, 15, 16]
Oil & Gas;14;1;[12, 13, 14, 15, 16]
Oil & Gas;15;1;[12, 13, 14, 15, 16]
Oil & Gas;16;1;[12, 13, 14, 15, 16]
Oil & Gas;17;3;[[12, 13], [14, 15], [16, 17], [18, 19]]
Oil & Gas;18;2;[[14, 15], [16, 17], [18], [19, 20], [21, 22]]
Oil & Gas;19;2;[[11, 12], [13, 14], [15, 16], [17, 18], [19]]
Oil & Gas;20;3;[[13, 14], [15, 16], [17, 18], [19, 20], [21, 22]]
Oil & Gas;21;3;[[13, 14], [15, 16], [17, 18], [19, 20], [21, 22]]
Oil & Gas;22;2;[[10, 11, 12], [13, 14, 15], [16, 17, 18], [19, 20, 21], [22]]
Oil & Gas;23;3;[[12, 13, 14], [15, 16, 17], [18, 19, 20], [21, 22, 23]]
Oil & Gas;24;3;[[10, 11, 12], [13, 14, 15], [16, 17, 18], [19, 20, 21], [22, 23, 24]]
Mechanical or Industrial Engineering;8;3;[[8, 9, 10], [11, 12, 13], [14, 15, 16], [17, 18, 19], [20, 21, 22]]
Mechanical or Industrial Engineering;9;3;[[9, 10], [11, 12], [13, 14], [15, 16], [17, 18]]
Mechanical or Industrial Engineering;10;1;[10, 11, 12, 13, 14]
Mechanical or Industrial Engineering;11;1;[10, 11, 12, 13, 14]
Mechanical or Industrial Engineering;12;1;[10, 11, 12, 13, 14]
Mechanical or Industrial Engineering;13;1;[11, 12, 13, 14, 15]
Mechanical or Industrial Engineering;14;1;[12, 13, 14, 15, 16]
Mechanical or Industrial Engineering;15;1;[12, 13, 14, 15, 16]
Mechanical or Industrial Engineering;16;1;[12, 13, 14, 15, 16]
Mechanical or Industrial Engineering;17;3;[[10, 11], [12, 13], [14, 15], [16, 17], [18, 19]]
Mechanical or Industrial Engineering;18;2;[[14, 15], [16, 17], [18], [19, 20], [21, 22]]
Mechanical or Industrial Engineering;19;2;[[11, 12], [13, 14], [15, 16], [17, 18], [19]]
Mechanical or Industrial Engineering;20;3;[[15, 16], [17, 18], [19, 20], [21, 22], [23, 24]]
Mechanical or Industrial Engineering;21;3;[[15, 16], [17, 18], [19, 20], [21, 22], [23, 24]]
Mechanical or Industrial Engineering;22;2;[[13, 14, 15], [16, 17, 18], [19, 20, 21], [22], [23, 24, 25]]
Mechanical or Industrial Engineering;23;3;[[15, 16], [17, 18], [19, 20], [21, 22], [23, 24]]
Mechanical or Industrial Engineering;24;2;[[12, 13, 14], [15, 16, 17], [18, 19, 20], [21, 22, 23], [24]]
Mechanical or Industrial Engineering;25;3;[[11, 12, 13], [14, 15, 16], [17, 18, 19], [20, 21, 22], [23, 24, 25]]
Mechanical or Industrial Engineering;26;3;[[12, 13, 14], [15, 16, 17], [18, 19, 20], [21, 22, 23], [24, 25, 26]]
Business Supplies and Equipment;9;3;[[9, 10, 11], [12, 13, 14], [15, 16, 17], [18, 19, 20], [21, 22, 23]]
Business Supplies and Equipment;10;3;[[10, 11], [12, 13], [14, 15], [16, 17], [18, 19]]
Business Supplies and Equipment;11;1;[11, 12, 13, 14, 15]
Business Supplies and Equipment;12;1;[11, 12, 13, 14, 15]
Business Supplies and Equipment;13;1;[11, 12, 13, 14, 15]
Business Supplies and Equipment;14;1;[12, 13, 14, 15, 16]
Business Supplies and Equipment;15;1;[12, 13, 14, 15, 16]
Business Supplies and Equipment;16;1;[12, 13, 14, 15, 16]
Business Supplies and Equipment;17;3;[[10, 11], [12, 13], [14, 15], [16, 17], [18, 19]]
Business Supplies and Equipment;18;2;[[14, 15], [16, 17], [18], [19, 20], [21, 22]]
Business Supplies and Equipment;19;2;[[11, 12], [13, 14], [15, 16], [17, 18], [19]]
Business Supplies and Equipment;20;3;[[15, 16], [17, 18], [19, 20], [21, 22], [23, 24]]
Business Supplies and Equipment;21;3;[[15, 16], [17, 18], [19, 20], [21, 22], [23, 24]]
Business Supplies and Equipment;22;2;[[13, 14, 15], [16, 17, 18], [19, 20, 21], [22], [23, 24, 25]]
Business Supplies and Equipment;23;3;[[15, 16], [17, 18], [19, 20], [21, 22], [23, 24]]
Business Supplies and Equipment;24;2;[[12, 13, 14], [15, 16, 17], [18, 19, 20], [21, 22, 23], [24]]
Business Supplies and Equipment;25;3;[[11, 12, 13], [14, 15, 16], [17, 18, 19], [20, 21, 22], [23, 24, 25]]
Business Supplies and Equipment;26;3;[[12, 13, 14], [15, 16, 17], [18, 19, 20], [21, 22, 23], [24, 25, 26]]
Medical Devices;8;3;[[8, 9, 10], [11, 12, 13], [14, 15, 16], [17, 18, 19], [20, 21, 22]]
Medical Devices;9;3;[[9, 10], [11, 12], [13, 14], [15, 16], [17, 18]]
Medical Devices;10;1;[10, 11, 12, 13, 14]
Medical Devices;11;1;[10, 11, 12, 13, 14]
Medical Devices;12;1;[10, 11, 12, 13, 14]
Medical Devices;13;1;[11, 12, 13, 14, 15]
Medical Devices;14;1;[12, 13, 14, 15, 16]
Medical Devices;15;1;[12, 13, 14, 15, 16]
Medical Devices;16;1;[12, 13, 14, 15, 16]
Medical Devices;17;3;[[10, 11], [12, 13], [14, 15], [16, 17], [18, 19]]
Medical Devices;18;2;[[14, 15], [16, 17], [18], [19, 20], [21, 22]]
Medical Devices;19;2;[[11, 12], [13, 14], [15, 16], [17, 18], [19]]
Medical Devices;20;3;[[15, 16], [17, 18], [19, 20], [21, 22], [23, 24]]
Medical Devices;21;3;[[15, 16], [17, 18], [19, 20], [21, 22], [23, 24]]
Medical Devices;22;2;[[13, 14, 15], [16, 17, 18], [19, 20, 21], [22], [23, 24, 25]]
Medical Devices;23;3;[[15, 16], [17, 18], [19, 20], [21, 22], [23, 24]]
Medical Devices;24;2;[[12, 13, 14], [15, 16, 17], [18, 19, 20], [21, 22, 23], [24]]
Medical Devices;25;3;[[11, 12, 13], [14, 15, 16], [17, 18, 19], [20, 21, 22], [23, 24, 25]]
Medical Devices;26;3;[[12, 13, 14], [15, 16, 17], [18, 19, 20], [21, 22, 23], [24, 25, 26]]
Internet;8;3;[[8, 9, 10], [11, 12, 13], [14, 15, 16], [17, 18, 19], [20, 21, 22]]
Internet;9;3;[[9, 10], [11, 12], [13, 14], [15, 16], [17, 18]]
Internet;10;1;[10, 11, 12, 13, 14]
Internet;11;1;[10, 11, 12, 13, 14]
Internet;12;1;[10, 11, 12, 13, 14]
Internet;13;1;[11, 12, 13, 14, 15]
Internet;14;1;[12, 13, 14, 15, 16]
Internet;15;1;[12, 13, 14, 15, 16]
Internet;16;1;[12, 13, 14, 15, 16]
Internet;17;3;[[10, 11], [12, 13], [14, 15], [16, 17], [18, 19]]
Internet;18;2;[[14, 15], [16, 17], [18], [19, 20], [21, 22]]
Internet;19;2;[[11, 12], [13, 14], [15, 16], [17, 18], [19]]
Internet;20;3;[[13, 14], [15, 16], [17, 18], [19, 20], [21, 22]]
Internet;21;3;[[13, 14], [15, 16], [17, 18], [19, 20], [21, 22]]
Internet;22;2;[[10, 11, 12], [13, 14, 15], [16, 17, 18], [19, 20, 21], [22]]
Internet;23;3;[[9, 10, 11], [12, 13, 14], [15, 16, 17], [18, 19, 20], [21, 22, 23]]
Internet;24;3;[[10, 11, 12], [13, 14, 15], [16, 17, 18], [19, 20, 21], [22, 23, 24]]
Oil & Energy;8;3;[[8, 9, 10], [11, 12, 13], [14, 15, 16], [17, 18, 19], [20, 21, 22]]
Oil & Energy;9;3;[[9, 10], [11, 12], [13, 14], [15, 16], [17, 18]]
Oil & Energy;10;1;[10, 11, 12, 13, 14]
Oil & Energy;11;1;[10, 11, 12, 13, 14]
Oil & Energy;12;1;[10, 11, 12, 13, 14]
Oil & Energy;13;1;[11, 12, 13, 14, 15]
Oil & Energy;14;1;[12, 13, 14, 15, 16]
Oil & Energy;15;1;[13, 14, 15, 16, 17]
Oil & Energy;16;1;[14, 15, 16, 17, 18]
Oil & Energy;17;1;[15, 16, 17, 18, 19]
Oil & Energy;18;1;[16, 17, 18, 19, 20]
Oil & Energy;19;1;[17, 18, 19, 20, 21]
Oil & Energy;20;1;[18, 19, 20, 21, 22]
Oil & Energy;21;1;[18, 19, 20, 21, 22]
Oil & Energy;22;1;[18, 19, 20, 21, 22]
Oil & Energy;23;3;[[18, 19], [20, 21], [22, 23], [24, 25], [26, 27]]
Oil & Energy;24;2;[[16, 17], [18, 19], [20, 21], [22, 23], [24]]
Oil & Energy;25;3;[[18, 19], [20, 21], [22, 23], [24, 25], [26, 27]]
Oil & Energy;26;3;[[18, 19], [20, 21], [22, 23], [24, 25], [26, 27]]
Oil & Energy;27;2;[[15, 16, 17], [18, 19, 20], [21, 22, 23], [24, 25, 26], [27]]
Oil & Energy;28;3;[[14, 15, 16], [17, 18, 19], [20, 21, 22], [23, 24, 25], [26, 27, 28]]
Oil & Energy;29;3;[[15, 16, 17], [18, 19, 20], [21, 22, 23], [24, 25, 26], [27, 28, 29]]
Glass, Ceramics & Concrete;8;3;[[8, 9, 10], [11, 12, 13], [14, 15, 16], [17, 18, 19], [20, 21, 22]]
Glass, Ceramics & Concrete;9;3;[[9, 10], [11, 12], [13, 14], [15, 16], [17, 18]]
Glass, Ceramics & Concrete;10;1;[10, 11, 12, 13, 14]
Glass, Ceramics & Concrete;11;1;[10, 11, 12, 13, 14]
Glass, Ceramics & Concrete;12;1;[10, 11, 12, 13, 14]
Glass, Ceramics & Concrete;13;1;[11, 12, 13, 14, 15]
Glass, Ceramics & Concrete;14;1;[12, 13, 14, 15, 16]
Glass, Ceramics & Concrete;15;1;[12, 13, 14, 15, 16]
Glass, Ceramics & Concrete;16;1;[12, 13, 14, 15, 16]
Glass, Ceramics & Concrete;17;3;[[10, 11], [12, 13], [14, 15], [16, 17], [18, 19]]
Glass, Ceramics & Concrete;18;2;[[14, 15], [16, 17], [18], [19, 20], [21, 22]]
Glass, Ceramics & Concrete;19;2;[[11, 12], [13, 14], [15, 16], [17, 18], [19]]
Glass, Ceramics & Concrete;20;3;[[13, 14], [15, 16], [17, 18], [19, 20], [21, 22]]
Glass, Ceramics & Concrete;21;3;[[13, 14], [15, 16], [17, 18], [19, 20], [21, 22]]
Glass, Ceramics & Concrete;22;2;[[10, 11, 12], [13, 14, 15], [16, 17, 18], [19, 20, 21], [22]]
Glass, Ceramics & Concrete;23;3;[[9, 10, 11], [12, 13, 14], [15, 16, 17], [18, 19, 20], [21, 22, 23]]
Glass, Ceramics & Concrete;24;3;[[10, 11, 12], [13, 14, 15], [16, 17, 18], [19, 20, 21], [22, 23, 24]]
Construction;8;3;[[8, 9, 10], [11, 12, 13], [14, 15, 16], [17, 18, 19], [20, 21, 22]]
Construction;9;3;[[9, 10], [11, 12], [13, 14], [15, 16], [17, 18]]
Construction;10;1;[10, 11, 12, 13, 14]
Construction;11;1;[10, 11, 12, 13, 14]
Construction;12;1;[10, 11, 12, 13, 14]
Construction;13;1;[11, 12, 13, 14, 15]
Construction;14;1;[12, 13, 14, 15, 16]
Construction;15;1;[12, 13, 14, 15, 16]
Construction;16;1;[12, 13, 14, 15, 16]
Construction;17;3;[[10, 11], [12, 13], [14, 15], [16, 17], [18, 19]]
Construction;18;2;[[14, 15], [16, 17], [18], [19, 20], [21, 22]]
Construction;19;2;[[11, 12], [13, 14], [15, 16], [17, 18], [19]]
Construction;20;3;[[15, 16], [17, 18], [19, 20], [21, 22], [23, 24]]
Construction;21;3;[[15, 16], [17, 18], [19, 20], [21, 22], [23, 24]]
Construction;22;2;[[16, 17, 18], [19, 20, 21], [22], [23, 24, 25], [26, 27, 28]]
Construction;23;3;[[22, 23], [24, 25], [26, 27]]
Construction;24;2;[[15, 16, 17], [18, 19, 20], [21, 22, 23], [24], [25, 26, 27]]
Construction;25;3;[[22, 23], [24, 25], [26, 27]]
Construction;26;3;[[22, 23], [24, 25], [26, 27]]
Construction;27;2;[[15, 16, 17], [18, 19, 20], [21, 22, 23], [24, 25, 26], [27]]
Construction;28;3;[[17, 18, 19], [20, 21, 22], [23, 24, 25], [26, 27, 28], [29, 30, 31]]
Construction;29;3;[[18, 19, 20], [21, 22, 23], [24, 25, 26], [27, 28, 29], [30, 31, 32]]
Construction;30;3;[[17, 18, 19], [20, 21, 22], [23, 24, 25], [26, 27, 28], [29, 30, 31]]
Construction;31;4;[31]
Construction;32;3;[[18, 19, 20], [21, 22, 23], [24, 25, 26], [27, 28, 29], [30, 31, 32]]
Construction;33;5;[31, 32, 33]
Building Materials;8;3;[[8, 9, 10], [11, 12, 13], [14, 15, 16], [17, 18, 19], [20, 21, 22]]
Building Materials;9;3;[[9, 10], [11, 12], [13, 14], [15, 16], [17, 18]]
Building Materials;10;1;[10, 11, 12, 13, 14]
Building Materials;11;1;[10, 11, 12, 13, 14]
Building Materials;12;1;[10, 11, 12, 13, 14]
Building Materials;13;1;[11, 12, 13, 14, 15]
Building Materials;14;1;[12, 13, 14, 15, 16]
Building Materials;15;1;[12, 13, 14, 15, 16]
Building Materials;16;1;[12, 13, 14, 15, 16]
Building Materials;17;3;[[10, 11], [12, 13], [14, 15], [16, 17], [18, 19]]
Building Materials;18;2;[[14, 15], [16, 17], [18], [19, 20], [21, 22]]
Building Materials;19;2;[[11, 12], [13, 14], [15, 16], [17, 18], [19]]
Building Materials;20;3;[[15, 16], [17, 18], [19, 20], [21, 22], [23, 24]]
Building Materials;21;3;[[15, 16], [17, 18], [19, 20], [21, 22], [23, 24]]
Building Materials;22;2;[[16, 17, 18], [19, 20, 21], [22], [23, 24, 25], [26, 27, 28]]
Building Materials;23;3;[[22, 23], [24, 25], [26, 27]]
Building Materials;24;2;[[15, 16, 17], [18, 19, 20], [21, 22, 23], [24], [25, 26, 27]]
Building Materials;25;3;[[22, 23], [24, 25], [26, 27]]
Building Materials;26;3;[[22, 23], [24, 25], [26, 27]]
Building Materials;27;2;[[15, 16, 17], [18, 19, 20], [21, 22, 23], [24, 25, 26], [27]]
Building Materials;28;3;[[17, 18, 19], [20, 21, 22], [23, 24, 25], [26, 27, 28], [29, 30, 31]]
Building Materials;29;3;[[18, 19, 20], [21, 22, 23], [24, 25, 26], [27, 28, 29], [30, 31, 32]]
Building Materials;30;3;[[17, 18, 19], [20, 21, 22], [23, 24, 25], [26, 27, 28], [29, 30, 31]]
Building Materials;31;4;[31]
Building Materials;32;3;[[18, 19, 20], [21, 22, 23], [24, 25, 26], [27, 28, 29], [30, 31, 32]]
Building Materials;33;5;[31, 32, 33]
Plastics;8;3;[[8, 9, 10], [11, 12, 13], [14, 15, 16], [17, 18, 19], [20, 21, 22]]
Plastics;9;3;[[9, 10], [11, 12], [13, 14], [15, 16], [17, 18]]
Plastics;10;1;[10, 11, 12, 13, 14]
Plastics;11;1;[10, 11, 12, 13, 14]
Plastics;12;1;[10, 11, 12, 13, 14]
Plastics;13;1;[11, 12, 13, 14, 15]
Plastics;14;1;[12, 13, 14, 15, 16]
Plastics;15;1;[12, 13, 14, 15, 16]
Plastics;16;1;[12, 13, 14, 15, 16]
Plastics;17;3;[[10, 11], [12, 13], [14, 15], [16, 17], [18, 19]]
Plastics;18;2;[[14, 15], [16, 17], [18], [19, 20], [21, 22]]
Plastics;19;2;[[11, 12], [13, 14], [15, 16], [17, 18], [19]]
Plastics;20;3;[[15, 16], [17, 18], [19, 20], [21, 22], [23, 24]]
Plastics;21;3;[[15, 16], [17, 18], [19, 20], [21, 22], [23, 24]]
Plastics;22;2;[[16, 17, 18], [19, 20, 21], [22], [23, 24, 25], [26, 27, 28]]
Plastics;23;3;[[22, 23], [24, 25], [26, 27]]
Plastics;24;2;[[15, 16, 17], [18, 19, 20], [21, 22, 23], [24], [25, 26, 27]]
Plastics;25;3;[[22, 23], [24, 25], [26, 27]]
Plastics;26;3;[[22, 23], [24, 25], [26, 27]]
Plastics;27;2;[[15, 16, 17], [18, 19, 20], [21, 22, 23], [24, 25, 26], [27]]
Plastics;28;3;[[14, 15, 16], [17, 18, 19], [20, 21, 22], [23, 24, 25], [26, 27, 28]]
Plastics;29;3;[[15, 16, 17], [18, 19, 20], [21, 22, 23], [24, 25, 26], [27, 28, 29]]
Professional Services;8;3;[[8, 9, 10], [11, 12, 13], [14, 15, 16], [17, 18, 19]]
Professional Services;9;3;[[9, 10], [11, 12], [13, 14], [15, 16], [17, 18]]
Professional Services;10;1;[10, 11, 12, 13, 14]
Professional Services;11;1;[10, 11, 12, 13, 14]
Professional Services;12;1;[10, 11, 12, 13, 14]
Professional Services;13;1;[11, 12, 13, 14, 15]
Professional Services;14;1;[12, 13, 14, 15, 16]
Professional Services;15;1;[12, 13, 14, 15, 16]
Professional Services;16;1;[12, 13, 14, 15, 16]
Professional Services;17;3;[[10, 11], [12, 13], [14, 15], [16, 17], [18, 19]]
Professional Services;18;2;[[12, 13], [14, 15], [16, 17], [18], [19, 20]]
Professional Services;19;2;[[11, 12], [13, 14], [15, 16], [17, 18], [19]]
Professional Services;20;3;[[11, 12], [13, 14], [15, 16], [17, 18], [19, 20]]
Professional Services;21;3;[[10, 11, 12], [13, 14, 15], [16, 17, 18], [19, 20, 21], [22, 23, 24]]
Professional Services;22;3;[[10, 11, 12], [13, 14, 15], [16, 17, 18], [19, 20, 21], [22, 23, 24]]
Professional Services;23;3;[[10, 11, 12], [13, 14, 15], [16, 17, 18], [19, 20, 21], [22, 23, 24]]
Professional Services;24;3;[[10, 11, 12], [13, 14, 15], [16, 17, 18], [19, 20, 21], [22, 23, 24]]
Infrastructure;8;3;[[8, 9, 10], [11, 12, 13], [14, 15, 16], [17, 18, 19], [20, 21, 22]]
Infrastructure;9;3;[[9, 10], [11, 12], [13, 14], [15, 16], [17, 18]]
Infrastructure;10;1;[10, 11, 12, 13, 14]
Infrastructure;11;1;[10, 11, 12, 13, 14]
Infrastructure;12;1;[10, 11, 12, 13, 14]
Infrastructure;13;1;[11, 12, 13, 14, 15]
Infrastructure;14;1;[12, 13, 14, 15, 16]
Infrastructure;15;1;[12, 13, 14, 15, 16]
Infrastructure;16;1;[12, 13, 14, 15, 16]
Infrastructure;17;3;[[10, 11], [12, 13], [14, 15], [16, 17], [18, 19]]
Infrastructure;18;2;[[14, 15], [16, 17], [18], [19, 20], [21, 22]]
Infrastructure;19;2;[[11, 12], [13, 14], [15, 16], [17, 18], [19]]
Infrastructure;20;3;[[15, 16], [17, 18], [19, 20], [21, 22], [23, 24]]
Infrastructure;21;3;[[15, 16], [17, 18], [19, 20], [21, 22], [23, 24]]
Infrastructure;22;2;[[13, 14, 15], [16, 17, 18], [19, 20, 21], [22], [23, 24, 25]]
Infrastructure;23;3;[[15, 16], [17, 18], [19, 20], [21, 22], [23, 24]]
Infrastructure;24;2;[[12, 13, 14], [15, 16, 17], [18, 19, 20], [21, 22, 23], [24]]
Infrastructure;25;3;[[11, 12, 13], [14, 15, 16], [17, 18, 19], [20, 21, 22], [23, 24, 25]]
Infrastructure;26;3;[[12, 13, 14], [15, 16, 17], [18, 19, 20], [21, 22, 23], [24, 25, 26]]
EPC;8;3;[[8, 9, 10], [11, 12, 13], [14, 15, 16], [17, 18, 19], [20, 21, 22]]
EPC;9;3;[[9, 10], [11, 12], [13, 14], [15, 16], [17, 18]]
EPC;10;1;[10, 11, 12, 13, 14]
EPC;11;1;[10, 11, 12, 13, 14]
EPC;12;1;[10, 11, 12, 13, 14]
EPC;13;1;[11, 12, 13, 14, 15]
EPC;14;1;[12, 13, 14, 15, 16]
EPC;15;1;[12, 13, 14, 15, 16]
EPC;16;1;[12, 13, 14, 15, 16]
EPC;17;3;[[10, 11], [12, 13], [14, 15], [16, 17], [18, 19]]
EPC;18;2;[[10, 11], [12, 13], [14, 15], [16, 17], [18]]
EPC;19;3;[[10, 11], [12, 13], [14, 15], [16, 17], [18, 19]]
EPC;20;3;[[12, 13, 14], [15, 16, 17], [18, 19, 20], [21, 22, 23], [24, 25, 26]]
EPC;21;3;[[11, 12, 13], [14, 15, 16], [17, 18, 19], [20, 21, 22], [23, 24, 25]]
EPC;22;4;[22]
EPC;23;3;[[12, 13, 14], [15, 16, 17], [18, 19, 20], [21, 22, 23], [24, 25, 26]]
EPC;24;2;[[12, 13, 14], [15, 16, 17], [18, 19, 20], [21, 22, 23], [24]]
EPC;25;3;[[11, 12, 13], [14, 15, 16], [17, 18, 19], [20, 21, 22], [23, 24, 25]]
EPC;26;3;[[12, 13, 14], [15, 16, 17], [18, 19, 20], [21, 22, 23], [24, 25, 26]]
Consumer Goods;8;3;[[8, 9, 10], [11, 12, 13], [14, 15, 16], [17, 18, 19], [20, 21, 22]]
Consumer Goods;9;3;[[9, 10], [11, 12], [13, 14], [15, 16], [17, 18]]
Consumer Goods;10;1;[10, 11, 12, 13, 14]
Consumer Goods;11;1;[10, 11, 12, 13, 14]
Consumer Goods;12;1;[10, 11, 12, 13, 14]
Consumer Goods;13;1;[11, 12, 13, 14, 15]
Consumer Goods;14;1;[12, 13, 14, 15, 16]
Consumer Goods;15;1;[12, 13, 14, 15, 16]
Consumer Goods;16;1;[12, 13, 14, 15, 16]
Consumer Goods;17;3;[[10, 11], [12, 13], [14, 15], [16, 17], [18, 19]]
Consumer Goods;18;2;[[14, 15], [16, 17], [18], [19, 20], [21, 22]]
Consumer Goods;19;2;[[11, 12], [13, 14], [15, 16], [17, 18], [19]]
Consumer Goods;20;3;[[15, 16], [17, 18], [19, 20], [21, 22], [23, 24]]
Consumer Goods;21;3;[[15, 16], [17, 18], [19, 20], [21, 22], [23, 24]]
Consumer Goods;22;2;[[16, 17, 18], [19, 20, 21], [22], [23, 24, 25], [26, 27, 28]]
Consumer Goods;23;3;[[22, 23], [24, 25], [26, 27]]
Consumer Goods;24;2;[[15, 16, 17], [18, 19, 20], [21, 22, 23], [24], [25, 26, 27]]
Consumer Goods;25;3;[[22, 23], [24, 25], [26, 27]]
Consumer Goods;26;3;[[22, 23], [24, 25], [26, 27]]
Consumer Goods;27;2;[[15, 16, 17], [18, 19, 20], [21, 22, 23], [24, 25, 26], [27]]
Consumer Goods;28;3;[[17, 18, 19], [20, 21, 22], [23, 24, 25], [26, 27, 28], [29, 30, 31]]
Consumer Goods;29;3;[[21, 22, 23], [24, 25, 26], [27, 28, 29], [30, 31, 32], [33, 34, 35]]
Consumer Goods;30;3;[[17, 18, 19], [20, 21, 22], [23, 24, 25], [26, 27, 28], [29, 30, 31]]
Consumer Goods;31;4;[31]
Consumer Goods;32;3;[[21, 22, 23], [24, 25, 26], [27, 28, 29], [30, 31, 32], [33, 34, 35]]
Consumer Goods;33;3;[[21, 22, 23], [24, 25, 26], [27, 28, 29], [30, 31, 32], [33, 34, 35]]
Consumer Goods;34;3;[[21, 22, 23], [24, 25, 26], [27, 28, 29], [30, 31, 32], [33, 34, 35]]
Consumer Goods;35;4;[35]
Consumer Goods;36;5;[35, 36]
Consumer Goods;37;5;[35, 36, 37]
Machinery;8;3;[[8, 9, 10], [11, 12, 13], [14, 15, 16], [17, 18, 19], [20, 21, 22]]
Machinery;9;3;[[9, 10], [11, 12], [13, 14], [15, 16], [17, 18]]
Machinery;10;1;[10, 11, 12, 13, 14]
Machinery;11;1;[10, 11, 12, 13, 14]
Machinery;12;1;[10, 11, 12, 13, 14]
Machinery;13;1;[11, 12, 13, 14, 15]
Machinery;14;1;[12, 13, 14, 15, 16]
Machinery;15;1;[13, 14, 15, 16, 17]
Machinery;16;1;[14, 15, 16, 17, 18]
Machinery;17;1;[15, 16, 17, 18, 19]
Machinery;18;1;[15, 16, 17, 18, 19]
Machinery;19;1;[15, 16, 17, 18, 19]
Machinery;20;3;[[15, 16], [17, 18], [19, 20], [21, 22], [23, 24]]
Machinery;21;3;[[16, 17], [18, 19], [20, 21], [22, 23], [24, 25]]
Machinery;22;2;[[16, 17], [18, 19], [20, 21], [22], [23, 24]]
Machinery;23;3;[[16, 17], [18, 19], [20, 21], [22, 23], [24, 25]]
Machinery;24;2;[[16, 17], [18, 19], [20, 21], [22, 23], [24]]
Machinery;25;3;[[16, 17], [18, 19], [20, 21], [22, 23], [24, 25]]
Machinery;26;3;[[12, 13, 14], [15, 16, 17], [18, 19, 20], [21, 22, 23], [24, 25, 26]]
Food & Beverages;8;3;[[8, 9, 10], [11, 12, 13], [14, 15, 16], [17, 18, 19], [20, 21, 22]]
Food & Beverages;9;3;[[9, 10], [11, 12], [13, 14], [15, 16], [17, 18]]
Food & Beverages;10;1;[10, 11, 12, 13, 14]
Food & Beverages;11;1;[10, 11, 12, 13, 14]
Food & Beverages;12;1;[10, 11, 12, 13, 14]
Food & Beverages;13;1;[11, 12, 13, 14, 15]
Food & Beverages;14;1;[12, 13, 14, 15, 16]
Food & Beverages;15;1;[12, 13, 14, 15, 16]
Food & Beverages;16;1;[12, 13, 14, 15, 16]
Food & Beverages;17;3;[[10, 11], [12, 13], [14, 15], [16, 17], [18, 19]]
Food & Beverages;18;2;[[14, 15], [16, 17], [18], [19, 20], [21, 22]]
Food & Beverages;19;2;[[11, 12], [13, 14], [15, 16], [17, 18], [19]]
Food & Beverages;20;3;[[15, 16], [17, 18], [19, 20], [21, 22], [23, 24]]
Food & Beverages;21;3;[[15, 16], [17, 18], [19, 20], [21, 22], [23, 24]]
Food & Beverages;22;2;[[16, 17, 18], [19, 20, 21], [22], [23, 24, 25], [26, 27, 28]]
Food & Beverages;23;3;[[22, 23], [24, 25], [26, 27]]
Food & Beverages;24;2;[[15, 16, 17], [18, 19, 20], [21, 22, 23], [24], [25, 26, 27]]
Food & Beverages;25;3;[[22, 23], [24, 25], [26, 27]]
Food & Beverages;26;3;[[22, 23], [24, 25], [26, 27]]
Food & Beverages;27;2;[[15, 16, 17], [18, 19, 20], [21, 22, 23], [24, 25, 26], [27]]
Food & Beverages;28;3;[[14, 15, 16], [17, 18, 19], [20, 21, 22], [23, 24, 25], [26, 27, 28]]
Food & Beverages;29;3;[[15, 16, 17], [18, 19, 20], [21, 22, 23], [24, 25, 26], [27, 28, 29]]
Food & Beverages;33;5;[33, 34, 35]
Food & Beverages;34;5;[34, 35]
Food & Beverages;35;4;[35]
Food & Beverages;36;5;[35, 36]
Food & Beverages;37;5;[35, 36, 37]
Maritime;8;3;[[8, 9, 10], [11, 12, 13], [14, 15, 16], [17, 18, 19], [20, 21, 22]]
Maritime;9;3;[[9, 10], [11, 12], [13, 14], [15, 16], [17, 18]]
Maritime;10;1;[10, 11, 12, 13, 14]
Maritime;11;1;[10, 11, 12, 13, 14]
Maritime;12;1;[10, 11, 12, 13, 14]
Maritime;13;1;[11, 12, 13, 14, 15]
Maritime;14;1;[12, 13, 14, 15, 16]
Maritime;15;1;[12, 13, 14, 15, 16]
Maritime;16;1;[12, 13, 14, 15, 16]
Maritime;17;3;[[10, 11], [12, 13], [14, 15], [16, 17], [18, 19]]
Maritime;18;2;[[14, 15], [16, 17], [18], [19, 20], [21, 22]]
Maritime;19;2;[[11, 12], [13, 14], [15, 16], [17, 18], [19]]
Maritime;20;3;[[13, 14], [15, 16], [17, 18], [19, 20], [21, 22]]
Maritime;21;3;[[13, 14], [15, 16], [17, 18], [19, 20], [21, 22]]
Maritime;22;2;[[10, 11, 12], [13, 14, 15], [16, 17, 18], [19, 20, 21], [22]]
Maritime;23;3;[[9, 10, 11], [12, 13, 14], [15, 16, 17], [18, 19, 20], [21, 22, 23]]
Maritime;24;3;[[10, 11, 12], [13, 14, 15], [16, 17, 18], [19, 20, 21], [22, 23, 24]]
Shipbuilding;8;3;[[8, 9, 10], [11, 12, 13], [14, 15, 16], [17, 18, 19]]
Shipbuilding;9;3;[[9, 10], [11, 12], [13, 14], [15, 16]]
Shipbuilding;10;1;[10, 11, 12, 13, 14]
Shipbuilding;11;1;[10, 11, 12, 13, 14]
Shipbuilding;12;1;[10, 11, 12, 13, 14]
Shipbuilding;13;1;[11, 12, 13, 14, 15]
Shipbuilding;14;1;[12, 13, 14, 15, 16]
Shipbuilding;15;1;[12, 13, 14, 15, 16]
Shipbuilding;16;1;[12, 13, 14, 15, 16]
Shipbuilding;17;3;[[10, 11], [12, 13], [14, 15], [16, 17], [18, 19]]
Shipbuilding;18;3;[[10, 11], [12, 13], [14, 15], [16, 17], [18, 19]]
Shipbuilding;19;2;[[10, 11, 12], [13, 14, 15], [16, 17, 18], [19]]
Shipbuilding;20;3;[[9, 10, 11], [12, 13, 14], [15, 16, 17], [18, 19, 20]]
Shipbuilding;21;3;[[10, 11, 12], [13, 14, 15], [16, 17, 18], [19, 20, 21]]
Real Estate;8;3;[[8, 9, 10], [11, 12, 13], [14, 15, 16], [17, 18, 19], [20, 21, 22]]
Real Estate;9;3;[[9, 10], [11, 12], [13, 14], [15, 16], [17, 18]]
Real Estate;10;1;[10, 11, 12, 13, 14]
Real Estate;11;1;[10, 11, 12, 13, 14]
Real Estate;12;1;[10, 11, 12, 13, 14]
Real Estate;13;1;[11, 12, 13, 14, 15]
Real Estate;14;1;[12, 13, 14, 15, 16]
Real Estate;15;1;[13, 14, 15, 16, 17]
Real Estate;16;1;[14, 15, 16, 17, 18]
Real Estate;17;1;[15, 16, 17, 18, 19]
Real Estate;18;1;[15, 16, 17, 18, 19]
Real Estate;19;1;[15, 16, 17, 18, 19]
Real Estate;20;3;[[13, 14], [15, 16], [17, 18], [19, 20], [21, 22]]
Real Estate;21;3;[[13, 14], [15, 16], [17, 18], [19, 20], [21, 22]]
Real Estate;22;2;[[10, 11, 12], [13, 14, 15], [16, 17, 18], [19, 20, 21], [22]]
Real Estate;23;3;[[9, 10, 11], [12, 13, 14], [15, 16, 17], [18, 19, 20], [21, 22, 23]]
Real Estate;24;3;[[10, 11, 12], [13, 14, 15], [16, 17, 18], [19, 20, 21], [22, 23, 24]]
Research;8;3;[[8, 9, 10], [11, 12, 13], [14, 15, 16], [17, 18, 19], [20, 21, 22]]
Research;9;3;[[9, 10], [11, 12], [13, 14], [15, 16], [17, 18]]
Research;10;1;[10, 11, 12, 13, 14]
Research;11;1;[10, 11, 12, 13, 14]
Research;12;1;[10, 11, 12, 13, 14]
Research;13;1;[11, 12, 13, 14, 15]
Research;14;1;[12, 13, 14, 15, 16]
Research;15;1;[12, 13, 14, 15, 16]
Research;16;1;[12, 13, 14, 15, 16]
Research;17;3;[[10, 11], [12, 13], [14, 15], [16, 17], [18, 19]]
Research;18;2;[[14, 15], [16, 17], [18], [19, 20], [21, 22]]
Research;19;2;[[11, 12], [13, 14], [15, 16], [17, 18], [19]]
Research;20;3;[[15, 16], [17, 18], [19, 20], [21, 22], [23, 24]]
Research;21;3;[[15, 16], [17, 18], [19, 20], [21, 22], [23, 24]]
Research;22;2;[[13, 14, 15], [16, 17, 18], [19, 20, 21], [22], [23, 24, 25]]
Research;23;3;[[15, 16], [17, 18], [19, 20], [21, 22], [23, 24]]
Research;24;2;[[12, 13, 14], [15, 16, 17], [18, 19, 20], [21, 22, 23], [24]]
Research;25;3;[[11, 12, 13], [14, 15, 16], [17, 18, 19], [20, 21, 22], [23, 24, 25]]
Research;26;3;[[12, 13, 14], [15, 16, 17], [18, 19, 20], [21, 22, 23], [24, 25, 26]]
Civil Engineering;8;3;[[8, 9, 10], [11, 12, 13], [14, 15, 16], [17, 18, 19], [20, 21, 22]]
Civil Engineering;9;3;[[9, 10], [11, 12], [13, 14], [15, 16], [17, 18]]
Civil Engineering;10;1;[10, 11, 12, 13, 14]
Civil Engineering;11;1;[10, 11, 12, 13, 14]
Civil Engineering;12;1;[10, 11, 12, 13, 14]
Civil Engineering;13;1;[11, 12, 13, 14, 15]
Civil Engineering;14;1;[12, 13, 14, 15, 16]
Civil Engineering;15;1;[12, 13, 14, 15, 16]
Civil Engineering;16;1;[12, 13, 14, 15, 16]
Civil Engineering;17;3;[[10, 11], [12, 13], [14, 15], [16, 17], [18, 19]]
Civil Engineering;18;2;[[14, 15], [16, 17], [18], [19, 20], [21, 22]]
Civil Engineering;19;2;[[11, 12], [13, 14], [15, 16], [17, 18], [19]]
Civil Engineering;20;3;[[13, 14], [15, 16], [17, 18], [19, 20], [21, 22]]
Civil Engineering;21;3;[[13, 14], [15, 16], [17, 18], [19, 20], [21, 22]]
Civil Engineering;22;2;[[10, 11, 12], [13, 14, 15], [16, 17, 18], [19, 20, 21], [22]]
Civil Engineering;23;3;[[9, 10, 11], [12, 13, 14], [15, 16, 17], [18, 19, 20], [21, 22, 23]]
Civil Engineering;24;3;[[10, 11, 12], [13, 14, 15], [16, 17, 18], [19, 20, 21], [22, 23, 24]]
Food Production;8;3;[[8, 9, 10], [11, 12, 13], [14, 15, 16], [17, 18, 19], [20, 21, 22]]
Food Production;9;3;[[9, 10], [11, 12], [13, 14], [15, 16], [17, 18]]
Food Production;10;1;[10, 11, 12, 13, 14]
Food Production;11;1;[10, 11, 12, 13, 14]
Food Production;12;1;[10, 11, 12, 13, 14]
Food Production;13;1;[11, 12, 13, 14, 15]
Food Production;14;1;[12, 13, 14, 15, 16]
Food Production;15;1;[12, 13, 14, 15, 16]
Food Production;16;1;[12, 13, 14, 15, 16]
Food Production;17;3;[[10, 11], [12, 13], [14, 15], [16, 17], [18, 19]]
Food Production;18;2;[[14, 15], [16, 17], [18], [19, 20], [21, 22]]
Food Production;19;2;[[11, 12], [13, 14], [15, 16], [17, 18], [19]]
Food Production;20;3;[[15, 16], [17, 18], [19, 20], [21, 22], [23, 24]]
Food Production;21;3;[[15, 16], [17, 18], [19, 20], [21, 22], [23, 24]]
Food Production;22;2;[[13, 14, 15], [16, 17, 18], [19, 20, 21], [22], [23, 24, 25]]
Food Production;23;3;[[15, 16], [17, 18], [19, 20], [21, 22], [23, 24]]
Food Production;24;2;[[12, 13, 14], [15, 16, 17], [18, 19, 20], [21, 22, 23], [24]]
Food Production;25;3;[[11, 12, 13], [14, 15, 16], [17, 18, 19], [20, 21, 22], [23, 24, 25]]
Food Production;26;3;[[12, 13, 14], [15, 16, 17], [18, 19, 20], [21, 22, 23], [24, 25, 26]]
Fishery;8;3;[[8, 9, 10], [11, 12, 13], [14, 15, 16]]
Fishery;9;3;[[9, 10], [11, 12], [13, 14]]
Fishery;10;1;[10, 11, 12, 13, 14]
Fishery;11;1;[10, 11, 12, 13, 14]
Fishery;12;1;[10, 11, 12, 13, 14]
Fishery;13;1;[10, 11, 12, 13, 14]
Fishery;14;1;[10, 11, 12, 13, 14]
Fishery;15;3;[[10, 11], [12, 13], [14, 15]]
Fishery;16;3;[[8, 9, 10], [11, 12, 13], [14, 15, 16]]
Railroad Manufacture;9;3;[[9, 10, 11], [12, 13, 14], [15, 16, 17], [18, 19, 20]]
Railroad Manufacture;10;3;[[10, 11], [12, 13], [14, 15], [16, 17], [18, 19]]
Railroad Manufacture;11;1;[11, 12, 13, 14, 15]
Railroad Manufacture;12;1;[11, 12, 13, 14, 15]
Railroad Manufacture;13;1;[11, 12, 13, 14, 15]
Railroad Manufacture;14;1;[12, 13, 14, 15, 16]
Railroad Manufacture;15;1;[12, 13, 14, 15, 16]
Railroad Manufacture;16;1;[12, 13, 14, 15, 16]
Railroad Manufacture;17;3;[[10, 11], [12, 13], [14, 15], [16, 17], [18, 19]]
Railroad Manufacture;18;2;[[12, 13], [14, 15], [16, 17], [18], [19, 20]]
Railroad Manufacture;19;2;[[11, 12], [13, 14], [15, 16], [17, 18], [19]]
Railroad Manufacture;20;3;[[11, 12], [13, 14], [15, 16], [17, 18], [19, 20]]
Railroad Manufacture;21;3;[[10, 11, 12], [13, 14, 15], [16, 17, 18], [19, 20, 21]]
Government Administration;8;3;[[8, 9, 10], [11, 12, 13], [14, 15, 16], [17, 18, 19]]
Government Administration;9;3;[[9, 10], [11, 12], [13, 14], [15, 16], [17, 18]]
Government Administration;10;1;[10, 11, 12, 13, 14]
Government Administration;11;1;[10, 11, 12, 13, 14]
Government Administration;12;1;[10, 11, 12, 13, 14]
Government Administration;13;1;[11, 12, 13, 14, 15]
Government Administration;14;1;[12, 13, 14, 15, 16]
Government Administration;15;1;[12, 13, 14, 15, 16]
Government Administration;16;1;[12, 13, 14, 15, 16]
Government Administration;17;3;[[10, 11], [12, 13], [14, 15], [16, 17], [18, 19]]
Government Administration;18;2;[[10, 11], [12, 13], [14, 15], [16, 17], [18]]
Government Administration;19;3;[[10, 11], [12, 13], [14, 15], [16, 17], [18, 19]]
Government Administration;20;3;[[9, 10, 11], [12, 13, 14], [15, 16, 17], [18, 19, 20]]
Consumer Durables;8;3;[[8, 9, 10], [11, 12, 13], [14, 15, 16], [17, 18, 19]]
Consumer Durables;9;3;[[9, 10], [11, 12], [13, 14], [15, 16], [17, 18]]
Consumer Durables;10;1;[10, 11, 12, 13, 14]
Consumer Durables;11;1;[10, 11, 12, 13, 14]
Consumer Durables;12;1;[10, 11, 12, 13, 14]
Consumer Durables;13;1;[11, 12, 13, 14, 15]
Consumer Durables;14;1;[12, 13, 14, 15, 16]
Consumer Durables;15;1;[12, 13, 14, 15, 16]
Consumer Durables;16;1;[12, 13, 14, 15, 16]
Consumer Durables;17;3;[[10, 11], [12, 13], [14, 15], [16, 17], [18, 19]]
Consumer Durables;18;2;[[12, 13], [14, 15], [16, 17], [18], [19, 20]]
Consumer Durables;19;2;[[11, 12], [13, 14], [15, 16], [17, 18], [19]]
Consumer Durables;20;3;[[11, 12], [13, 14], [15, 16], [17, 18], [19, 20]]
Consumer Durables;21;3;[[10, 11, 12], [13, 14, 15], [16, 17, 18], [19, 20, 21]]
Hospitality;9;3;[[9, 10, 11], [12, 13, 14], [15, 16, 17], [18, 19, 20]]
Hospitality;10;3;[[10, 11], [12, 13], [14, 15], [16, 17], [18, 19]]
Hospitality;11;1;[11, 12, 13, 14, 15]
Hospitality;12;1;[11, 12, 13, 14, 15]
Hospitality;13;1;[11, 12, 13, 14, 15]
Hospitality;14;1;[12, 13, 14, 15, 16]
Hospitality;15;1;[12, 13, 14, 15, 16]
Hospitality;16;1;[12, 13, 14, 15, 16]
Hospitality;17;3;[[10, 11], [12, 13], [14, 15], [16, 17], [18, 19]]
Hospitality;18;2;[[10, 11], [12, 13], [14, 15], [16, 17], [18]]
Hospitality;19;3;[[10, 11], [12, 13], [14, 15], [16, 17], [18, 19]]
Hospitality;20;3;[[9, 10, 11], [12, 13, 14], [15, 16, 17], [18, 19, 20]]
Pharmaceuticals;8;3;[[8, 9, 10], [11, 12, 13], [14, 15, 16], [17, 18, 19]]
Pharmaceuticals;9;3;[[9, 10], [11, 12], [13, 14], [15, 16], [17, 18]]
Pharmaceuticals;10;1;[10, 11, 12, 13, 14]
Pharmaceuticals;11;1;[10, 11, 12, 13, 14]
Pharmaceuticals;12;1;[10, 11, 12, 13, 14]
Pharmaceuticals;13;1;[11, 12, 13, 14, 15]
Pharmaceuticals;14;1;[12, 13, 14, 15, 16]
Pharmaceuticals;15;1;[12, 13, 14, 15, 16]
Pharmaceuticals;16;1;[12, 13, 14, 15, 16]
Pharmaceuticals;17;3;[[10, 11], [12, 13], [14, 15], [16, 17], [18, 19]]
Pharmaceuticals;18;2;[[12, 13], [14, 15], [16, 17], [18], [19, 20]]
Pharmaceuticals;19;2;[[11, 12], [13, 14], [15, 16], [17, 18], [19]]
Pharmaceuticals;20;3;[[11, 12], [13, 14], [15, 16], [17, 18], [19, 20]]
Pharmaceuticals;21;3;[[10, 11, 12], [13, 14, 15], [16, 17, 18], [19, 20, 21]]
Design;9;3;[[9, 10, 11], [12, 13, 14], [15, 16, 17]]
Design;10;3;[[10, 11], [12, 13], [14, 15], [16, 17]]
Design;11;1;[11, 12, 13, 14, 15]
Design;12;1;[11, 12, 13, 14, 15]
Design;13;1;[11, 12, 13, 14, 15]
Design;14;1;[12, 13, 14, 15, 16]
Design;15;1;[12, 13, 14, 15, 16]
Design;16;1;[12, 13, 14, 15, 16]
Design;17;3;[[10, 11], [12, 13], [14, 15], [16, 17]]
Design;18;3;[[10, 11, 12], [13, 14, 15], [16, 17, 18]]
Semiconductors;11;5;[11, 12, 13]
Semiconductors;12;5;[12, 13]
Semiconductors;13;5;[12, 13]
Semiconductors;14;5;[14, 15]
Semiconductors;15;4;[15]
Semiconductors;16;5;[15, 16]
Semiconductors;17;5;[15, 16, 17]
Hospital & Health Care;8;3;[[8, 9, 10], [11, 12, 13], [14, 15, 16], [17, 18, 19]]
Hospital & Health Care;9;3;[[9, 10], [11, 12], [13, 14], [15, 16], [17, 18]]
Hospital & Health Care;10;1;[10, 11, 12, 13, 14]
Hospital & Health Care;11;1;[10, 11, 12, 13, 14]
Hospital & Health Care;12;1;[10, 11, 12, 13, 14]
Hospital & Health Care;13;1;[11, 12, 13, 14, 15]
Hospital & Health Care;14;1;[12, 13, 14, 15, 16]
Hospital & Health Care;15;1;[12, 13, 14, 15, 16]
Hospital & Health Care;16;1;[12, 13, 14, 15, 16]
Hospital & Health Care;17;3;[[10, 11], [12, 13], [14, 15], [16, 17], [18, 19]]
Hospital & Health Care;18;2;[[12, 13], [14, 15], [16, 17], [18], [19, 20]]
Hospital & Health Care;19;2;[[11, 12], [13, 14], [15, 16], [17, 18], [19]]
Hospital & Health Care;20;3;[[11, 12], [13, 14], [15, 16], [17, 18], [19, 20]]
Hospital & Health Care;21;3;[[10, 11, 12], [13, 14, 15], [16, 17, 18], [19, 20, 21]]
Defense & Space;10;3;[[10, 11, 12], [13, 14, 15], [16, 17, 18]]
Defense & Space;11;3;[[11, 12], [13, 14], [15, 16], [17, 18]]
Defense & Space;12;1;[12, 13, 14, 15, 16]
Defense & Space;13;1;[12, 13, 14, 15, 16]
Defense & Space;14;1;[12, 13, 14, 15, 16]
Defense & Space;15;1;[12, 13, 14, 15, 16]
Defense & Space;16;1;[12, 13, 14, 15, 16]
Defense & Space;17;3;[[12, 13], [14, 15], [16, 17], [18, 19]]
Defense & Space;18;2;[[12, 13], [14, 15], [16, 17], [18]]
Defense & Space;19;3;[[12, 13], [14, 15], [16, 17], [18, 19]]
Defense & Space;20;3;[[12, 13, 14], [15, 16, 17], [18, 19, 20]]
Management Consulting;8;3;[[8, 9, 10], [11, 12, 13], [14, 15, 16], [17, 18, 19]]
Management Consulting;9;3;[[9, 10], [11, 12], [13, 14], [15, 16], [17, 18]]
Management Consulting;10;1;[10, 11, 12, 13, 14]
Management Consulting;11;1;[10, 11, 12, 13, 14]
Management Consulting;12;1;[10, 11, 12, 13, 14]
Management Consulting;13;1;[11, 12, 13, 14, 15]
Management Consulting;14;1;[12, 13, 14, 15, 16]
Management Consulting;15;1;[12, 13, 14, 15, 16]
Management Consulting;16;1;[12, 13, 14, 15, 16]
Management Consulting;17;3;[[10, 11], [12, 13], [14, 15], [16, 17], [18, 19]]
Management Consulting;18;2;[[10, 11], [12, 13], [14, 15], [16, 17], [18]]
Management Consulting;19;3;[[10, 11], [12, 13], [14, 15], [16, 17], [18, 19]]
Management Consulting;20;3;[[9, 10, 11], [12, 13, 14], [15, 16, 17], [18, 19, 20]]
Retail;8;3;[[8, 9, 10], [11, 12, 13], [14, 15, 16], [17, 18, 19], [20, 21, 22]]
Retail;9;3;[[9, 10], [11, 12], [13, 14], [15, 16], [17, 18]]
Retail;10;1;[10, 11, 12, 13, 14]
Retail;11;1;[10, 11, 12, 13, 14]
Retail;12;1;[10, 11, 12, 13, 14]
Retail;13;1;[11, 12, 13, 14, 15]
Retail;14;1;[12, 13, 14, 15, 16]
Retail;15;1;[12, 13, 14, 15, 16]
Retail;16;1;[12, 13, 14, 15, 16]
Retail;17;3;[[10, 11], [12, 13], [14, 15], [16, 17], [18, 19]]
Retail;18;2;[[14, 15], [16, 17], [18], [19, 20], [21, 22]]
Retail;19;2;[[11, 12], [13, 14], [15, 16], [17, 18], [19]]
Retail;20;3;[[15, 16], [17, 18], [19, 20], [21, 22], [23, 24]]
Retail;21;3;[[15, 16], [17, 18], [19, 20], [21, 22], [23, 24]]
Retail;22;2;[[16, 17, 18], [19, 20, 21], [22], [23, 24, 25], [26, 27, 28]]
Retail;23;3;[[22, 23], [24, 25], [26, 27]]
Retail;24;2;[[15, 16, 17], [18, 19, 20], [21, 22, 23], [24], [25, 26, 27]]
Retail;25;3;[[22, 23], [24, 25], [26, 27]]
Retail;26;3;[[22, 23], [24, 25], [26, 27]]
Retail;27;2;[[15, 16, 17], [18, 19, 20], [21, 22, 23], [24, 25, 26], [27]]
Retail;28;3;[[17, 18, 19], [20, 21, 22], [23, 24, 25], [26, 27, 28], [29, 30, 31]]
Retail;29;3;[[18, 19, 20], [21, 22, 23], [24, 25, 26], [27, 28, 29], [30, 31, 32]]
Retail;30;3;[[17, 18, 19], [20, 21, 22], [23, 24, 25], [26, 27, 28], [29, 30, 31]]
Retail;31;4;[31]
Retail;32;3;[[18, 19, 20], [21, 22, 23], [24, 25, 26], [27, 28, 29], [30, 31, 32]]
Retail;33;5;[31, 32, 33]
Supermarkets;8;3;[[8, 9, 10], [11, 12, 13], [14, 15, 16], [17, 18, 19]]
Supermarkets;9;3;[[9, 10], [11, 12], [13, 14], [15, 16], [17, 18]]
Supermarkets;10;1;[10, 11, 12, 13, 14]
Supermarkets;11;1;[10, 11, 12, 13, 14]
Supermarkets;12;1;[10, 11, 12, 13, 14]
Supermarkets;13;1;[11, 12, 13, 14, 15]
Supermarkets;14;1;[12, 13, 14, 15, 16]
Supermarkets;15;1;[12, 13, 14, 15, 16]
Supermarkets;16;1;[12, 13, 14, 15, 16]
Supermarkets;17;3;[[10, 11], [12, 13], [14, 15], [16, 17], [18, 19]]
Supermarkets;18;2;[[12, 13], [14, 15], [16, 17], [18], [19, 20]]
Supermarkets;19;2;[[11, 12], [13, 14], [15, 16], [17, 18], [19]]
Supermarkets;20;3;[[11, 12], [13, 14], [15, 16], [17, 18], [19, 20]]
Supermarkets;21;3;[[10, 11, 12], [13, 14, 15], [16, 17, 18], [19, 20, 21]]
FMCG;8;3;[[8, 9, 10], [11, 12, 13], [14, 15, 16], [17, 18, 19], [20, 21, 22]]
FMCG;9;3;[[9, 10], [11, 12], [13, 14], [15, 16], [17, 18]]
FMCG;10;1;[10, 11, 12, 13, 14]
FMCG;11;1;[10, 11, 12, 13, 14]
FMCG;12;1;[10, 11, 12, 13, 14]
FMCG;13;1;[11, 12, 13, 14, 15]
FMCG;14;1;[12, 13, 14, 15, 16]
FMCG;15;1;[12, 13, 14, 15, 16]
FMCG;16;1;[12, 13, 14, 15, 16]
FMCG;17;3;[[10, 11], [12, 13], [14, 15], [16, 17], [18, 19]]
FMCG;18;2;[[14, 15], [16, 17], [18], [19, 20], [21, 22]]
FMCG;19;2;[[11, 12], [13, 14], [15, 16], [17, 18], [19]]
FMCG;20;3;[[15, 16], [17, 18], [19, 20], [21, 22], [23, 24]]
FMCG;21;3;[[15, 16], [17, 18], [19, 20], [21, 22], [23, 24]]
FMCG;22;2;[[13, 14, 15], [16, 17, 18], [19, 20, 21], [22], [23, 24, 25]]
FMCG;23;3;[[15, 16], [17, 18], [19, 20], [21, 22], [23, 24]]
FMCG;24;2;[[12, 13, 14], [15, 16, 17], [18, 19, 20], [21, 22, 23], [24]]
FMCG;25;3;[[11, 12, 13], [14, 15, 16], [17, 18, 19], [20, 21, 22], [23, 24, 25]]
FMCG;26;3;[[12, 13, 14], [15, 16, 17], [18, 19, 20], [21, 22, 23], [24, 25, 26]]
Banking;9;5;[9, 10, 11]
Banking;10;3;[[10, 11, 12], [13, 14, 15], [16, 17, 18]]
Banking;11;4;[11]
Banking;12;3;[[10, 11, 12], [13, 14, 15], [16, 17, 18]]
Banking;13;3;[[10, 11, 12], [13, 14, 15], [16, 17, 18]]
Banking;14;3;[[10, 11, 12], [13, 14, 15], [16, 17, 18]]
Banking;15;4;[15]
Banking;16;2;[[10, 11, 12], [13, 14, 15], [16]]
Banking;17;3;[[10, 11, 12], [13, 14, 15], [16, 17, 18]]
Banking;18;3;[[10, 11, 12], [13, 14, 15], [16, 17, 18]]
BFSI;8;3;[[8, 9, 10], [11, 12, 13], [14, 15, 16], [17, 18, 19]]
BFSI;9;3;[[9, 10], [11, 12], [13, 14], [15, 16], [17, 18]]
BFSI;10;1;[10, 11, 12, 13, 14]
BFSI;11;1;[10, 11, 12, 13, 14]
BFSI;12;1;[10, 11, 12, 13, 14]
BFSI;13;1;[11, 12, 13, 14, 15]
BFSI;14;1;[12, 13, 14, 15, 16]
BFSI;15;1;[12, 13, 14, 15, 16]
BFSI;16;1;[12, 13, 14, 15, 16]
BFSI;17;3;[[10, 11], [12, 13], [14, 15], [16, 17], [18, 19]]
BFSI;18;2;[[12, 13], [14, 15], [16, 17], [18], [19, 20]]
BFSI;19;2;[[11, 12], [13, 14], [15, 16], [17, 18], [19]]
BFSI;20;3;[[11, 12], [13, 14], [15, 16], [17, 18], [19, 20]]
BFSI;21;3;[[10, 11, 12], [13, 14, 15], [16, 17, 18], [19, 20, 21]]
International Trade and Development;10;3;[[10, 11, 12], [13, 14, 15], [16, 17, 18]]
International Trade and Development;11;3;[[11, 12], [13, 14], [15, 16]]
International Trade and Development;12;1;[12, 13, 14, 15, 16]
International Trade and Development;13;1;[12, 13, 14, 15, 16]
International Trade and Development;14;1;[12, 13, 14, 15, 16]
International Trade and Development;15;1;[12, 13, 14, 15, 16]
International Trade and Development;16;1;[12, 13, 14, 15, 16]
International Trade and Development;17;3;[[12, 13], [14, 15], [16, 17]]
International Trade and Development;18;3;[[10, 11, 12], [13, 14, 15], [16, 17, 18]]
Industrial Automation;8;3;[[8, 9, 10], [11, 12, 13], [14, 15, 16], [17, 18, 19]]
Industrial Automation;9;3;[[9, 10], [11, 12], [13, 14], [15, 16], [17, 18]]
Industrial Automation;10;1;[10, 11, 12, 13, 14]
Industrial Automation;11;1;[10, 11, 12, 13, 14]
Industrial Automation;12;1;[10, 11, 12, 13, 14]
Industrial Automation;13;1;[11, 12, 13, 14, 15]
Industrial Automation;14;1;[12, 13, 14, 15, 16]
Industrial Automation;15;1;[12, 13, 14, 15, 16]
Industrial Automation;16;1;[12, 13, 14, 15, 16]
Industrial Automation;17;3;[[10, 11], [12, 13], [14, 15], [16, 17], [18, 19]]
Industrial Automation;18;2;[[12, 13], [14, 15], [16, 17], [18], [19, 20]]
Industrial Automation;19;2;[[11, 12], [13, 14], [15, 16], [17, 18], [19]]
Industrial Automation;20;3;[[11, 12], [13, 14], [15, 16], [17, 18], [19, 20]]
Industrial Automation;21;3;[[10, 11, 12], [13, 14, 15], [16, 17, 18], [19, 20, 21]]
Wine and Spirits;8;3;[[8, 9, 10], [11, 12, 13], [14, 15, 16], [17, 18, 19], [20, 21, 22]]
Wine and Spirits;9;3;[[9, 10], [11, 12], [13, 14], [15, 16], [17, 18]]
Wine and Spirits;10;1;[10, 11, 12, 13, 14]
Wine and Spirits;11;1;[10, 11, 12, 13, 14]
Wine and Spirits;12;1;[10, 11, 12, 13, 14]
Wine and Spirits;13;1;[11, 12, 13, 14, 15]
Wine and Spirits;14;1;[12, 13, 14, 15, 16]
Wine and Spirits;15;1;[12, 13, 14, 15, 16]
Wine and Spirits;16;1;[12, 13, 14, 15, 16]
Wine and Spirits;17;3;[[10, 11], [12, 13], [14, 15], [16, 17], [18, 19]]
Wine and Spirits;18;2;[[14, 15], [16, 17], [18], [19, 20], [21, 22]]
Wine and Spirits;19;2;[[11, 12], [13, 14], [15, 16], [17, 18], [19]]
Wine and Spirits;20;3;[[15, 16], [17, 18], [19, 20], [21, 22], [23, 24]]
Wine and Spirits;21;3;[[15, 16], [17, 18], [19, 20], [21, 22], [23, 24]]
Wine and Spirits;22;2;[[13, 14, 15], [16, 17, 18], [19, 20, 21], [22], [23, 24, 25]]
Wine and Spirits;23;3;[[15, 16], [17, 18], [19, 20], [21, 22], [23, 24]]
Wine and Spirits;24;2;[[12, 13, 14], [15, 16, 17], [18, 19, 20], [21, 22, 23], [24]]
Wine and Spirits;25;3;[[11, 12, 13], [14, 15, 16], [17, 18, 19], [20, 21, 22], [23, 24, 25]]
Wine and Spirits;26;3;[[12, 13, 14], [15, 16, 17], [18, 19, 20], [21, 22, 23], [24, 25, 26]]
Outsourcing/Offshoring;8;3;[[8, 9, 10], [11, 12, 13], [14, 15, 16], [17, 18, 19]]
Outsourcing/Offshoring;9;3;[[9, 10], [11, 12], [13, 14], [15, 16], [17, 18]]
Outsourcing/Offshoring;10;1;[10, 11, 12, 13, 14]
Outsourcing/Offshoring;11;1;[10, 11, 12, 13, 14]
Outsourcing/Offshoring;12;1;[10, 11, 12, 13, 14]
Outsourcing/Offshoring;13;1;[11, 12, 13, 14, 15]
Outsourcing/Offshoring;14;1;[12, 13, 14, 15, 16]
Outsourcing/Offshoring;15;1;[12, 13, 14, 15, 16]
Outsourcing/Offshoring;16;1;[12, 13, 14, 15, 16]
Outsourcing/Offshoring;17;3;[[10, 11], [12, 13], [14, 15], [16, 17], [18, 19]]
Outsourcing/Offshoring;18;2;[[10, 11], [12, 13], [14, 15], [16, 17], [18]]
Outsourcing/Offshoring;19;3;[[10, 11], [12, 13], [14, 15], [16, 17], [18, 19]]
Outsourcing/Offshoring;20;3;[[9, 10, 11], [12, 13, 14], [15, 16, 17], [18, 19, 20]]
Accounting;10;5;[10, 11, 12]
Accounting;11;3;[[11, 12], [13, 14], [15, 16]]
Accounting;12;2;[[12], [13, 14], [15, 16]]
Accounting;13;2;[[11, 12], [13], [14, 15]]
Accounting;14;3;[[11, 12], [13, 14], [15, 16]]
Accounting;15;2;[[11, 12], [13, 14], [15]]
Accounting;16;3;[[11, 12], [13, 14], [15, 16]]
Accounting;17;5;[15, 16, 17]
Human Resources;10;5;[10, 11, 12]
Human Resources;11;3;[[11, 12], [13, 14], [15, 16]]
Human Resources;12;2;[[12], [13, 14], [15, 16]]
Human Resources;13;2;[[11, 12], [13], [14, 15]]
Human Resources;14;3;[[11, 12], [13, 14], [15, 16]]
Human Resources;15;2;[[11, 12], [13, 14], [15]]
Human Resources;16;3;[[11, 12], [13, 14], [15, 16]]
Human Resources;17;5;[15, 16, 17]
Packaging and Containers;8;3;[[8, 9, 10], [11, 12, 13], [14, 15, 16], [17, 18, 19]]
Packaging and Containers;9;3;[[9, 10], [11, 12], [13, 14], [15, 16], [17, 18]]
Packaging and Containers;10;1;[10, 11, 12, 13, 14]
Packaging and Containers;11;1;[10, 11, 12, 13, 14]
Packaging and Containers;12;1;[10, 11, 12, 13, 14]
Packaging and Containers;13;1;[11, 12, 13, 14, 15]
Packaging and Containers;14;1;[12, 13, 14, 15, 16]
Packaging and Containers;15;1;[12, 13, 14, 15, 16]
Packaging and Containers;16;1;[12, 13, 14, 15, 16]
Packaging and Containers;17;3;[[10, 11], [12, 13], [14, 15], [16, 17], [18, 19]]
Packaging and Containers;18;2;[[10, 11], [12, 13], [14, 15], [16, 17], [18]]
Packaging and Containers;19;3;[[10, 11], [12, 13], [14, 15], [16, 17], [18, 19]]
Packaging and Containers;20;3;[[9, 10, 11], [12, 13, 14], [15, 16, 17], [18, 19, 20]]
Wholesale;8;3;[[8, 9, 10], [11, 12, 13], [14, 15, 16], [17, 18, 19], [20, 21, 22]]
Wholesale;9;3;[[9, 10], [11, 12], [13, 14], [15, 16], [17, 18]]
Wholesale;10;1;[10, 11, 12, 13, 14]
Wholesale;11;1;[10, 11, 12, 13, 14]
Wholesale;12;1;[10, 11, 12, 13, 14]
Wholesale;13;1;[11, 12, 13, 14, 15]
Wholesale;14;1;[12, 13, 14, 15, 16]
Wholesale;15;1;[12, 13, 14, 15, 16]
Wholesale;16;1;[12, 13, 14, 15, 16]
Wholesale;17;3;[[10, 11], [12, 13], [14, 15], [16, 17], [18, 19]]
Wholesale;18;2;[[14, 15], [16, 17], [18], [19, 20], [21, 22]]
Wholesale;19;2;[[11, 12], [13, 14], [15, 16], [17, 18], [19]]
Wholesale;20;3;[[13, 14], [15, 16], [17, 18], [19, 20], [21, 22]]
Wholesale;21;3;[[13, 14], [15, 16], [17, 18], [19, 20], [21, 22]]
Wholesale;22;2;[[10, 11, 12], [13, 14, 15], [16, 17, 18], [19, 20, 21], [22]]
Wholesale;23;3;[[9, 10, 11], [12, 13, 14], [15, 16, 17], [18, 19, 20], [21, 22, 23]]
Wholesale;24;3;[[10, 11, 12], [13, 14, 15], [16, 17, 18], [19, 20, 21], [22, 23, 24]]
Apparel & Fashion;8;3;[[8, 9, 10], [11, 12, 13], [14, 15, 16], [17, 18, 19], [20, 21, 22]]
Apparel & Fashion;9;3;[[9, 10], [11, 12], [13, 14], [15, 16], [17, 18]]
Apparel & Fashion;10;1;[10, 11, 12, 13, 14]
Apparel & Fashion;11;1;[10, 11, 12, 13, 14]
Apparel & Fashion;12;1;[10, 11, 12, 13, 14]
Apparel & Fashion;13;1;[11, 12, 13, 14, 15]
Apparel & Fashion;14;1;[12, 13, 14, 15, 16]
Apparel & Fashion;15;1;[12, 13, 14, 15, 16]
Apparel & Fashion;16;1;[12, 13, 14, 15, 16]
Apparel & Fashion;17;3;[[10, 11], [12, 13], [14, 15], [16, 17], [18, 19]]
Apparel & Fashion;18;2;[[14, 15], [16, 17], [18], [19, 20], [21, 22]]
Apparel & Fashion;19;2;[[11, 12], [13, 14], [15, 16], [17, 18], [19]]
Apparel & Fashion;20;3;[[13, 14], [15, 16], [17, 18], [19, 20], [21, 22]]
Apparel & Fashion;21;3;[[13, 14], [15, 16], [17, 18], [19, 20], [21, 22]]
Apparel & Fashion;22;2;[[10, 11, 12], [13, 14, 15], [16, 17, 18], [19, 20, 21], [22]]
Apparel & Fashion;23;3;[[9, 10, 11], [12, 13, 14], [15, 16, 17], [18, 19, 20], [21, 22, 23]]
Apparel & Fashion;24;3;[[10, 11, 12], [13, 14, 15], [16, 17, 18], [19, 20, 21], [22, 23, 24]]
Health Care;8;3;[[8, 9, 10], [11, 12, 13], [14, 15, 16], [17, 18, 19]]
Health Care;9;3;[[9, 10], [11, 12], [13, 14], [15, 16]]
Health Care;10;1;[10, 11, 12, 13, 14]
Health Care;11;1;[10, 11, 12, 13, 14]
Health Care;12;1;[10, 11, 12, 13, 14]
Health Care;13;1;[11, 12, 13, 14, 15]
Health Care;14;1;[12, 13, 14, 15, 16]
Health Care;15;1;[12, 13, 14, 15, 16]
Health Care;16;1;[12, 13, 14, 15, 16]
Health Care;17;3;[[10, 11], [12, 13], [14, 15], [16, 17], [18, 19]]
Health Care;18;3;[[10, 11], [12, 13], [14, 15], [16, 17], [18, 19]]
Health Care;19;3;[[10, 11], [12, 13], [14, 15], [16, 17], [18, 19]]
Health Care;20;3;[[9, 10, 11], [12, 13, 14], [15, 16, 17], [18, 19, 20]]
Financial Services;9;3;[[9, 10, 11], [12, 13, 14], [15, 16, 17]]
Financial Services;10;3;[[10, 11], [12, 13], [14, 15], [16, 17]]
Financial Services;11;1;[11, 12, 13, 14, 15]
Financial Services;12;1;[11, 12, 13, 14, 15]
Financial Services;13;1;[11, 12, 13, 14, 15]
Financial Services;14;1;[12, 13, 14, 15, 16]
Financial Services;15;1;[12, 13, 14, 15, 16]
Financial Services;16;1;[12, 13, 14, 15, 16]
Financial Services;17;3;[[10, 11], [12, 13], [14, 15], [16, 17]]
Financial Services;18;3;[[10, 11, 12], [13, 14, 15], [16, 17, 18]]
Restaurants;8;3;[[8, 9, 10], [11, 12, 13], [14, 15, 16], [17, 18, 19], [20, 21, 22]]
Restaurants;9;3;[[9, 10], [11, 12], [13, 14], [15, 16], [17, 18]]
Restaurants;10;1;[10, 11, 12, 13, 14]
Restaurants;11;1;[10, 11, 12, 13, 14]
Restaurants;12;1;[10, 11, 12, 13, 14]
Restaurants;13;1;[11, 12, 13, 14, 15]
Restaurants;14;1;[12, 13, 14, 15, 16]
Restaurants;15;1;[12, 13, 14, 15, 16]
Restaurants;16;1;[12, 13, 14, 15, 16]
Restaurants;17;3;[[10, 11], [12, 13], [14, 15], [16, 17], [18, 19]]
Restaurants;18;2;[[14, 15], [16, 17], [18], [19, 20], [21, 22]]
Restaurants;19;2;[[11, 12], [13, 14], [15, 16], [17, 18], [19]]
Restaurants;20;3;[[13, 14], [15, 16], [17, 18], [19, 20], [21, 22]]
Restaurants;21;3;[[13, 14], [15, 16], [17, 18], [19, 20], [21, 22]]
Restaurants;22;2;[[10, 11, 12], [13, 14, 15], [16, 17, 18], [19, 20, 21], [22]]
Restaurants;23;3;[[9, 10, 11], [12, 13, 14], [15, 16, 17], [18, 19, 20], [21, 22, 23]]
Restaurants;24;3;[[10, 11, 12], [13, 14, 15], [16, 17, 18], [19, 20, 21], [22, 23, 24]]
e-Learning;9;3;[[9, 10, 11], [12, 13, 14], [15, 16, 17], [18, 19, 20], [21, 22, 23]]
e-Learning;10;3;[[10, 11], [12, 13], [14, 15], [16, 17], [18, 19]]
e-Learning;11;2;[[11], [12, 13], [14, 15], [16, 17], [18, 19]]
e-Learning;12;2;[[10, 11], [12], [13, 14], [15, 16], [17, 18]]
e-Learning;13;3;[[10, 11], [12, 13], [14, 15], [16, 17], [18, 19]]
e-Learning;14;1;[14, 15, 16]
e-Learning;15;1;[14, 15, 16]
e-Learning;16;1;[14, 15, 16]
e-Learning;17;3;[[10, 11], [12, 13], [14, 15], [16, 17], [18, 19]]
e-Learning;18;2;[[10, 11], [12, 13], [14, 15], [16, 17], [18]]
e-Learning;19;3;[[10, 11], [12, 13], [14, 15], [16, 17], [18, 19]]
e-Learning;20;3;[[9, 10, 11], [12, 13, 14], [15, 16, 17], [18, 19, 20], [21, 22, 23]]
e-Learning;21;3;[[11, 12, 13], [14, 15, 16], [17, 18, 19], [20, 21, 22]]
e-Learning;22;4;[22]
e-Learning;23;3;[[9, 10, 11], [12, 13, 14], [15, 16, 17], [18, 19, 20], [21, 22, 23]]
e-Learning;24;5;[22, 23, 24]
Agri Industry;9;3;[[9, 10, 11], [12, 13, 14], [15, 16, 17], [18, 19, 20], [21, 22, 23]]
Agri Industry;10;3;[[10, 11], [12, 13], [14, 15], [16, 17], [18, 19]]
Agri Industry;11;1;[11, 12, 13, 14]
Agri Industry;12;1;[11, 12, 13, 14]
Agri Industry;13;1;[11, 12, 13, 14]
Agri Industry;14;1;[11, 12, 13, 14]
Agri Industry;15;3;[[10, 11], [12, 13], [14, 15], [16, 17], [18, 19]]
Agri Industry;16;2;[[10, 11], [12, 13], [14, 15], [16]]
Agri Industry;17;3;[[10, 11], [12, 13], [14, 15], [16, 17], [18, 19]]
Agri Industry;18;3;[[10, 11], [12, 13], [14, 15], [16, 17], [18, 19]]
Agri Industry;19;3;[[10, 11], [12, 13], [14, 15], [16, 17], [18, 19]]
Agri Industry;20;3;[[9, 10, 11], [12, 13, 14], [15, 16, 17], [18, 19, 20], [21, 22, 23]]
Agri Industry;21;3;[[11, 12, 13], [14, 15, 16], [17, 18, 19], [20, 21, 22]]
Agri Industry;22;4;[22]
Agri Industry;23;3;[[9, 10, 11], [12, 13, 14], [15, 16, 17], [18, 19, 20], [21, 22, 23]]
Agri Industry;24;5;[22, 23, 24]
Architecture & Planning;8;3;[[8, 9, 10], [11, 12, 13], [14, 15, 16], [17, 18, 19]]
Architecture & Planning;9;3;[[9, 10], [11, 12], [13, 14], [15, 16], [17, 18]]
Architecture & Planning;10;1;[10, 11, 12, 13, 14]
Architecture & Planning;11;1;[10, 11, 12, 13, 14]
Architecture & Planning;12;1;[10, 11, 12, 13, 14]
Architecture & Planning;13;1;[11, 12, 13, 14, 15]
Architecture & Planning;14;1;[12, 13, 14, 15, 16]
Architecture & Planning;15;1;[12, 13, 14, 15, 16]
Architecture & Planning;16;1;[12, 13, 14, 15, 16]
Architecture & Planning;17;3;[[10, 11], [12, 13], [14, 15], [16, 17], [18, 19]]
Architecture & Planning;18;2;[[10, 11], [12, 13], [14, 15], [16, 17], [18]]
Architecture & Planning;19;3;[[10, 11], [12, 13], [14, 15], [16, 17], [18, 19]]
Architecture & Planning;20;3;[[9, 10, 11], [12, 13, 14], [15, 16, 17], [18, 19, 20]]
Shipping;8;3;[[8, 9, 10], [11, 12, 13], [14, 15, 16], [17, 18, 19], [20, 21, 22]]
Shipping;9;3;[[9, 10], [11, 12], [13, 14], [15, 16], [17, 18]]
Shipping;10;1;[10, 11, 12, 13, 14]
Shipping;11;1;[10, 11, 12, 13, 14]
Shipping;12;1;[10, 11, 12, 13, 14]
Shipping;13;1;[11, 12, 13, 14, 15]
Shipping;14;1;[12, 13, 14, 15, 16]
Shipping;15;1;[12, 13, 14, 15, 16]
Shipping;16;1;[12, 13, 14, 15, 16]
Shipping;17;3;[[10, 11], [12, 13], [14, 15], [16, 17], [18, 19]]
Shipping;18;2;[[10, 11], [12, 13], [14, 15], [16, 17], [18]]
Shipping;19;3;[[10, 11], [12, 13], [14, 15], [16, 17], [18, 19]]
Shipping;20;3;[[9, 10, 11], [12, 13, 14], [15, 16, 17], [18, 19, 20], [21, 22, 23]]
Shipping;21;3;[[8, 9, 10], [11, 12, 13], [14, 15, 16], [17, 18, 19], [20, 21, 22]]
Shipping;22;4;[22]
Shipping;23;3;[[9, 10, 11], [12, 13, 14], [15, 16, 17], [18, 19, 20], [21, 22, 23]]
Shipping;24;5;[22, 23, 24]
Farming;9;5;[9, 10, 11]
Farming;10;5;[10, 11]
Farming;11;1;[11, 12, 13]
Farming;12;1;[11, 12, 13]
Farming;13;1;[11, 12, 13]
Farming;14;5;[13, 14]
Farming;15;5;[13, 14, 15]
Farming;16;5;[14, 15, 16]
Non-Profit Organization Management;8;3;[[8, 9, 10], [11, 12, 13], [14, 15, 16]]
Non-Profit Organization Management;9;3;[[9, 10], [11, 12], [13, 14]]
Non-Profit Organization Management;10;1;[10, 11, 12, 13, 14]
Non-Profit Organization Management;11;1;[10, 11, 12, 13, 14]
Non-Profit Organization Management;12;1;[10, 11, 12, 13, 14]
Non-Profit Organization Management;13;1;[10, 11, 12, 13, 14]
Non-Profit Organization Management;14;1;[10, 11, 12, 13, 14]
Non-Profit Organization Management;15;3;[[10, 11], [12, 13], [14, 15]]
Non-Profit Organization Management;16;3;[[8, 9, 10], [11, 12, 13], [14, 15, 16]]
Telecommunications;8;3;[[8, 9, 10], [11, 12, 13], [14, 15, 16], [17, 18, 19], [20, 21, 22]]
Telecommunications;9;3;[[9, 10], [11, 12], [13, 14], [15, 16], [17, 18]]
Telecommunications;10;1;[10, 11, 12, 13, 14]
Telecommunications;11;1;[10, 11, 12, 13, 14]
Telecommunications;12;1;[10, 11, 12, 13, 14]
Telecommunications;13;1;[11, 12, 13, 14, 15]
Telecommunications;14;1;[12, 13, 14, 15, 16]
Telecommunications;15;1;[12, 13, 14, 15, 16]
Telecommunications;16;1;[12, 13, 14, 15, 16]
Telecommunications;17;3;[[10, 11], [12, 13], [14, 15], [16, 17], [18, 19]]
Telecommunications;18;2;[[14, 15], [16, 17], [18], [19, 20], [21, 22]]
Telecommunications;19;2;[[11, 12], [13, 14], [15, 16], [17, 18], [19]]
Telecommunications;20;3;[[15, 16], [17, 18], [19, 20], [21, 22], [23, 24]]
Telecommunications;21;3;[[15, 16], [17, 18], [19, 20], [21, 22], [23, 24]]
Telecommunications;22;2;[[13, 14, 15], [16, 17, 18], [19, 20, 21], [22], [23, 24, 25]]
Telecommunications;23;3;[[15, 16], [17, 18], [19, 20], [21, 22], [23, 24]]
Telecommunications;24;2;[[12, 13, 14], [15, 16, 17], [18, 19, 20], [21, 22, 23], [24]]
Telecommunications;25;3;[[11, 12, 13], [14, 15, 16], [17, 18, 19], [20, 21, 22], [23, 24, 25]]
Telecommunications;26;3;[[12, 13, 14], [15, 16, 17], [18, 19, 20], [21, 22, 23], [24, 25, 26]]
e-Commerce;8;3;[[8, 9, 10], [11, 12, 13], [14, 15, 16], [17, 18, 19], [20, 21, 22]]
e-Commerce;9;3;[[9, 10], [11, 12], [13, 14], [15, 16], [17, 18]]
e-Commerce;10;1;[10, 11, 12, 13, 14]
e-Commerce;11;1;[10, 11, 12, 13, 14]
e-Commerce;12;1;[10, 11, 12, 13, 14]
e-Commerce;13;1;[11, 12, 13, 14, 15]
e-Commerce;14;1;[12, 13, 14, 15, 16]
e-Commerce;15;1;[12, 13, 14, 15, 16]
e-Commerce;16;1;[12, 13, 14, 15, 16]
e-Commerce;17;3;[[10, 11], [12, 13], [14, 15], [16, 17], [18, 19]]
e-Commerce;18;2;[[14, 15], [16, 17], [18], [19, 20], [21, 22]]
e-Commerce;19;2;[[11, 12], [13, 14], [15, 16], [17, 18], [19]]
e-Commerce;20;3;[[13, 14], [15, 16], [17, 18], [19, 20], [21, 22]]
e-Commerce;21;3;[[13, 14], [15, 16], [17, 18], [19, 20], [21, 22]]
e-Commerce;22;2;[[10, 11, 12], [13, 14, 15], [16, 17, 18], [19, 20, 21], [22]]
e-Commerce;23;3;[[9, 10, 11], [12, 13, 14], [15, 16, 17], [18, 19, 20], [21, 22, 23]]
e-Commerce;24;3;[[10, 11, 12], [13, 14, 15], [16, 17, 18], [19, 20, 21], [22, 23, 24]]
Cosmetics;10;3;[[10, 11, 12], [13, 14, 15], [16, 17, 18], [19, 20, 21]]
Cosmetics;11;3;[[11, 12], [13, 14], [15, 16], [17, 18], [19, 20]]
Cosmetics;12;1;[12, 13, 14, 15, 16]
Cosmetics;13;1;[12, 13, 14, 15, 16]
Cosmetics;14;1;[12, 13, 14, 15, 16]
Cosmetics;15;1;[12, 13, 14, 15, 16]
Cosmetics;16;1;[12, 13, 14, 15, 16]
Cosmetics;17;3;[[12, 13], [14, 15], [16, 17], [18, 19]]
Cosmetics;18;2;[[12, 13], [14, 15], [16, 17], [18], [19, 20]]
Cosmetics;19;2;[[11, 12], [13, 14], [15, 16], [17, 18], [19]]
Cosmetics;20;3;[[11, 12], [13, 14], [15, 16], [17, 18], [19, 20]]
Cosmetics;21;3;[[10, 11, 12], [13, 14, 15], [16, 17, 18], [19, 20, 21]]
Aviation & Aerospace;8;3;[[8, 9, 10], [11, 12, 13], [14, 15, 16], [17, 18, 19], [20, 21, 22]]
Aviation & Aerospace;9;3;[[9, 10], [11, 12], [13, 14], [15, 16], [17, 18]]
Aviation & Aerospace;10;1;[10, 11, 12, 13, 14]
Aviation & Aerospace;11;1;[10, 11, 12, 13, 14]
Aviation & Aerospace;12;1;[10, 11, 12, 13, 14]
Aviation & Aerospace;13;1;[11, 12, 13, 14, 15]
Aviation & Aerospace;14;1;[12, 13, 14, 15, 16]
Aviation & Aerospace;15;1;[12, 13, 14, 15, 16]
Aviation & Aerospace;16;1;[12, 13, 14, 15, 16]
Aviation & Aerospace;17;3;[[12, 13], [14, 15], [16, 17], [18, 19], [20, 21]]
Aviation & Aerospace;18;1;[18, 19, 20]
Aviation & Aerospace;19;1;[18, 19, 20]
Aviation & Aerospace;20;1;[18, 19, 20]
Aviation & Aerospace;21;3;[[14, 15], [16, 17], [18, 19], [20, 21], [22, 23]]
Aviation & Aerospace;22;2;[[14, 15], [16, 17], [18, 19], [20, 21], [22]]
Aviation & Aerospace;23;3;[[14, 15], [16, 17], [18, 19], [20, 21], [22, 23]]
Aviation & Aerospace;24;3;[[10, 11, 12], [13, 14, 15], [16, 17, 18], [19, 20, 21], [22, 23, 24]]
Aviation & Aerospace;25;3;[[12, 13, 14], [15, 16, 17], [18, 19, 20], [21, 22, 23], [24, 25, 26]]
Aviation & Aerospace;26;3;[[12, 13, 14], [15, 16, 17], [18, 19, 20], [21, 22, 23], [24, 25, 26]]
Airlines/Aviation;9;3;[[9, 10, 11], [12, 13, 14], [15, 16, 17], [18, 19, 20]]
Airlines/Aviation;10;3;[[10, 11], [12, 13], [14, 15], [16, 17], [18, 19]]
Airlines/Aviation;11;1;[11, 12, 13, 14, 15]
Airlines/Aviation;12;1;[11, 12, 13, 14, 15]
Airlines/Aviation;13;1;[11, 12, 13, 14, 15]
Airlines/Aviation;14;1;[12, 13, 14, 15, 16]
Airlines/Aviation;15;1;[12, 13, 14, 15, 16]
Airlines/Aviation;16;1;[12, 13, 14, 15, 16]
Airlines/Aviation;17;3;[[10, 11], [12, 13], [14, 15], [16, 17], [18, 19]]
Airlines/Aviation;18;2;[[12, 13], [14, 15], [16, 17], [18], [19, 20]]
Airlines/Aviation;19;2;[[11, 12], [13, 14], [15, 16], [17, 18], [19]]
Airlines/Aviation;20;3;[[11, 12], [13, 14], [15, 16], [17, 18], [19, 20]]
Airlines/Aviation;21;3;[[10, 11, 12], [13, 14, 15], [16, 17, 18], [19, 20, 21]]
Transportation;10;3;[[10, 11, 12], [13, 14, 15], [16, 17, 18]]
Transportation;11;3;[[11, 12], [13, 14], [15, 16]]
Transportation;12;1;[12, 13, 14, 15, 16]
Transportation;13;1;[12, 13, 14, 15, 16]
Transportation;14;1;[12, 13, 14, 15, 16]
Transportation;15;1;[12, 13, 14, 15, 16]
Transportation;16;1;[12, 13, 14, 15, 16]
Transportation;17;3;[[12, 13], [14, 15], [16, 17]]
Transportation;18;3;[[10, 11, 12], [13, 14, 15], [16, 17, 18]]
Information Services;9;3;[[9, 10, 11], [12, 13, 14], [15, 16, 17], [18, 19, 20]]
Information Services;10;3;[[10, 11], [12, 13], [14, 15], [16, 17], [18, 19]]
Information Services;11;1;[11, 12, 13, 14, 15]
Information Services;12;1;[11, 12, 13, 14, 15]
Information Services;13;1;[11, 12, 13, 14, 15]
Information Services;14;1;[12, 13, 14, 15, 16]
Information Services;15;1;[12, 13, 14, 15, 16]
Information Services;16;1;[12, 13, 14, 15, 16]
Information Services;17;3;[[10, 11], [12, 13], [14, 15], [16, 17], [18, 19]]
Information Services;18;2;[[12, 13], [14, 15], [16, 17], [18], [19, 20]]
Information Services;19;2;[[11, 12], [13, 14], [15, 16], [17, 18], [19]]
Information Services;20;3;[[11, 12], [13, 14], [15, 16], [17, 18], [19, 20]]
Information Services;21;3;[[10, 11, 12], [13, 14, 15], [16, 17, 18], [19, 20, 21], [22, 23, 24]]
Information Services;22;3;[[10, 11, 12], [13, 14, 15], [16, 17, 18], [19, 20, 21], [22, 23, 24]]
Information Services;23;3;[[10, 11, 12], [13, 14, 15], [16, 17, 18], [19, 20, 21], [22, 23, 24]]
Information Services;24;3;[[10, 11, 12], [13, 14, 15], [16, 17, 18], [19, 20, 21], [22, 23, 24]]
Luxury Goods & Jewelry;8;3;[[8, 9, 10], [11, 12, 13], [14, 15, 16]]
Luxury Goods & Jewelry;9;3;[[9, 10], [11, 12], [13, 14], [15, 16]]
Luxury Goods & Jewelry;10;1;[10, 11, 12]
Luxury Goods & Jewelry;11;1;[10, 11, 12]
Luxury Goods & Jewelry;12;1;[10, 11, 12]
Luxury Goods & Jewelry;13;3;[[10, 11], [12, 13], [14, 15], [16, 17]]
Luxury Goods & Jewelry;14;3;[[9, 10], [11, 12], [13, 14], [15, 16]]
Luxury Goods & Jewelry;15;2;[[9, 10], [11, 12], [13, 14], [15], [16, 17]]
Luxury Goods & Jewelry;16;2;[[10, 11], [12, 13], [14, 15], [16]]
Luxury Goods & Jewelry;17;3;[[10, 11], [12, 13], [14, 15], [16, 17]]
Luxury Goods & Jewelry;18;3;[[10, 11, 12], [13, 14, 15], [16, 17, 18]]
Entertainment;9;3;[[9, 10, 11], [12, 13, 14], [15, 16, 17], [18, 19, 20], [21, 22, 23]]
Entertainment;10;3;[[10, 11], [12, 13], [14, 15], [16, 17], [18, 19]]
Entertainment;11;1;[11, 12, 13, 14, 15]
Entertainment;12;1;[11, 12, 13, 14, 15]
Entertainment;13;1;[11, 12, 13, 14, 15]
Entertainment;14;1;[12, 13, 14, 15, 16]
Entertainment;15;1;[12, 13, 14, 15, 16]
Entertainment;16;1;[12, 13, 14, 15, 16]
Entertainment;17;3;[[10, 11], [12, 13], [14, 15], [16, 17], [18, 19]]
Entertainment;18;2;[[14, 15], [16, 17], [18], [19, 20], [21, 22]]
Entertainment;19;2;[[11, 12], [13, 14], [15, 16], [17, 18], [19]]
Entertainment;20;3;[[13, 14], [15, 16], [17, 18], [19, 20], [21, 22]]
Entertainment;21;3;[[13, 14], [15, 16], [17, 18], [19, 20], [21, 22]]
Entertainment;22;2;[[10, 11, 12], [13, 14, 15], [16, 17, 18], [19, 20, 21], [22]]
Entertainment;23;3;[[9, 10, 11], [12, 13, 14], [15, 16, 17], [18, 19, 20], [21, 22, 23]]
Entertainment;24;3;[[10, 11, 12], [13, 14, 15], [16, 17, 18], [19, 20, 21], [22, 23, 24]]
International Affairs;9;5;[9, 10, 11]
International Affairs;10;5;[10, 11]
International Affairs;11;5;[10, 11]
International Affairs;12;5;[11, 12]
International Affairs;13;2;[[10, 11, 12], [13], [14, 15, 16]]
International Affairs;14;5;[13, 14]
International Affairs;15;5;[13, 14, 15]
International Affairs;16;5;[14, 15, 16]
Textiles;12;5;[12, 13, 14]
Textiles;13;5;[13, 14]
Textiles;14;4;[14]
Textiles;15;5;[14, 15]
Textiles;16;5;[14, 15, 16]
Computer Software;9;3;[[9, 10, 11], [12, 13, 14], [15, 16, 17], [18, 19, 20], [21, 22, 23]]
Computer Software;10;3;[[10, 11], [12, 13], [14, 15], [16, 17], [18, 19]]
Computer Software;11;1;[11, 12, 13, 14, 15]
Computer Software;12;1;[11, 12, 13, 14, 15]
Computer Software;13;1;[11, 12, 13, 14, 15]
Computer Software;14;1;[12, 13, 14, 15, 16]
Computer Software;15;1;[12, 13, 14, 15, 16]
Computer Software;16;1;[12, 13, 14, 15, 16]
Computer Software;17;3;[[10, 11], [12, 13], [14, 15], [16, 17], [18, 19]]
Computer Software;18;2;[[14, 15], [16, 17], [18], [19, 20], [21, 22]]
Computer Software;19;2;[[11, 12], [13, 14], [15, 16], [17, 18], [19]]
Computer Software;20;3;[[15, 16], [17, 18], [19, 20], [21, 22], [23, 24]]
Computer Software;21;3;[[15, 16], [17, 18], [19, 20], [21, 22], [23, 24]]
Computer Software;22;2;[[16, 17, 18], [19, 20, 21], [22], [23, 24, 25], [26, 27, 28]]
Computer Software;23;3;[[22, 23], [24, 25], [26, 27]]
Computer Software;24;2;[[15, 16, 17], [18, 19, 20], [21, 22, 23], [24], [25, 26, 27]]
Computer Software;25;3;[[22, 23], [24, 25], [26, 27]]
Computer Software;26;3;[[22, 23], [24, 25], [26, 27]]
Computer Software;27;2;[[15, 16, 17], [18, 19, 20], [21, 22, 23], [24, 25, 26], [27]]
Computer Software;28;3;[[14, 15, 16], [17, 18, 19], [20, 21, 22], [23, 24, 25], [26, 27, 28]]
Computer Software;29;3;[[15, 16, 17], [18, 19, 20], [21, 22, 23], [24, 25, 26], [27, 28, 29]]
Tobacco;10;3;[[10, 11, 12], [13, 14, 15], [16, 17, 18]]
Tobacco;11;3;[[11, 12], [13, 14], [15, 16]]
Tobacco;12;1;[12, 13, 14, 15, 16]
Tobacco;13;1;[12, 13, 14, 15, 16]
Tobacco;14;1;[12, 13, 14, 15, 16]
Tobacco;15;1;[12, 13, 14, 15, 16]
Tobacco;16;1;[12, 13, 14, 15, 16]
Tobacco;17;3;[[12, 13], [14, 15], [16, 17]]
Tobacco;18;3;[[10, 11, 12], [13, 14, 15], [16, 17, 18]]
Tobacco;20;5;[20, 21, 22]
Tobacco;21;5;[21, 22]
Tobacco;22;4;[22]
Tobacco;23;5;[22, 23]
Tobacco;24;5;[22, 23, 24]
Publishing;9;3;[[9, 10, 11], [12, 13, 14], [15, 16, 17], [18, 19, 20]]
Publishing;10;3;[[10, 11], [12, 13], [14, 15], [16, 17], [18, 19]]
Publishing;11;1;[11, 12, 13, 14, 15]
Publishing;12;1;[11, 12, 13, 14, 15]
Publishing;13;1;[11, 12, 13, 14, 15]
Publishing;14;1;[12, 13, 14, 15, 16]
Publishing;15;1;[12, 13, 14, 15, 16]
Publishing;16;1;[12, 13, 14, 15, 16]
Publishing;17;3;[[10, 11], [12, 13], [14, 15], [16, 17], [18, 19]]
Publishing;18;2;[[10, 11], [12, 13], [14, 15], [16, 17], [18]]
Publishing;19;3;[[10, 11], [12, 13], [14, 15], [16, 17], [18, 19]]
Publishing;20;3;[[9, 10, 11], [12, 13, 14], [15, 16, 17], [18, 19, 20]]
Sporting Goods;9;3;[[9, 10, 11], [12, 13, 14], [15, 16, 17], [18, 19, 20]]
Sporting Goods;10;3;[[10, 11], [12, 13], [14, 15], [16, 17], [18, 19]]
Sporting Goods;11;1;[11, 12, 13, 14, 15]
Sporting Goods;12;1;[11, 12, 13, 14, 15]
Sporting Goods;13;1;[11, 12, 13, 14, 15]
Sporting Goods;14;1;[12, 13, 14, 15, 16]
Sporting Goods;15;1;[12, 13, 14, 15, 16]
Sporting Goods;16;1;[12, 13, 14, 15, 16]
Sporting Goods;17;3;[[10, 11], [12, 13], [14, 15], [16, 17], [18, 19]]
Sporting Goods;18;3;[[10, 11], [12, 13], [14, 15], [16, 17], [18, 19]]
Sporting Goods;19;2;[[10, 11, 12], [13, 14, 15], [16, 17, 18], [19]]
Sporting Goods;20;3;[[9, 10, 11], [12, 13, 14], [15, 16, 17], [18, 19, 20]]
Sporting Goods;21;3;[[10, 11, 12], [13, 14, 15], [16, 17, 18], [19, 20, 21]]
Trading;9;3;[[9, 10, 11], [12, 13, 14], [15, 16, 17], [18, 19, 20]]
Trading;10;3;[[10, 11], [12, 13], [14, 15], [16, 17], [18, 19]]
Trading;11;1;[11, 12, 13, 14, 15]
Trading;12;1;[11, 12, 13, 14, 15]
Trading;13;1;[11, 12, 13, 14, 15]
Trading;14;1;[12, 13, 14, 15, 16]
Trading;15;1;[12, 13, 14, 15, 16]
Trading;16;1;[12, 13, 14, 15, 16]
Trading;17;3;[[10, 11], [12, 13], [14, 15], [16, 17], [18, 19]]
Trading;18;2;[[12, 13], [14, 15], [16, 17], [18], [19, 20]]
Trading;19;2;[[11, 12], [13, 14], [15, 16], [17, 18], [19]]
Trading;20;3;[[11, 12], [13, 14], [15, 16], [17, 18], [19, 20]]
Trading;21;3;[[10, 11, 12], [13, 14, 15], [16, 17, 18], [19, 20, 21], [22, 23, 24]]
Trading;22;3;[[10, 11, 12], [13, 14, 15], [16, 17, 18], [19, 20, 21], [22, 23, 24]]
Trading;23;3;[[10, 11, 12], [13, 14, 15], [16, 17, 18], [19, 20, 21], [22, 23, 24]]
Trading;24;4;[24]
Trading;25;5;[24, 25]
Trading;26;5;[24, 25, 26]
Import and Export;12;5;[12, 13, 14]
Import and Export;13;5;[13, 14]
Import and Export;14;1;[14, 15, 16]
Import and Export;15;1;[14, 15, 16]
Import and Export;16;1;[14, 15, 16]
Import and Export;17;5;[16, 17]
Import and Export;18;5;[16, 17, 18]